80 500
4 15
39 27
76 2
52 77
14 40
24 35
76 19
33 23
58 79
38 24
58 22
18 11
5 9
66 37
43 41
32 75
52 80
48 37
31 52
65 46
46 26
27 61
1 42
71 15
50 72
36 11
68 23
27 51
28 74
76 79
32 79
31 26
60 75
26 56
76 16
23 10
37 3
8 1
67 36
54 71
27 20
33 22
62 61
25 58
41 14
52 11
18 20
73 80
43 36
35 58
79 7
61 28
78 24
15 32
49 69
77 70
30 52
31 64
6 48
20 53
55 15
49 9
11 58
68 13
3 52
12 18
9 68
1 57
21 72
50 34
44 17
11 50
41 63
45 42
72 29
26 42
47 20
58 59
17 7
57 1 42 26 46 65 46 26 46 26 31 64 31 52 77 70 77 70 77 70 77 52 11 18 12 18 20 27 39 27 61 62 61 62 61 28 74 28 74 28 61 27 51 27 51 27 39 27 20 47 20 53 20 18 11 58 22 58 35 58 22 58 35 24 78 24 38 24 35 58 25 58 79 58 79 7 17 44 17 44 17 44 17 44 17 7 79 76 19 76 16 76 19 76 79 76 16 76 16 76 2 76 19 76 79 32 15 71 15 71 54 71 15 55 15 4 15 32 75 60 75 60 75 60 75 32 79 58 59 58 59 58 22 33 23 68 9 5 9 49 69 49 9 68 13 68 9 68 23 10 23 68 23 10 23 33 22 58 11 36 67 36 43 41 14 41 63 41 14 40 14 41 43 36 43 36 11 50 72 29 72 50 11 50 72 21 72 21 72 21 72 50 34 50 11 52 80 73 80 52 3 37 48 6 48 6 48 6 48 37 66 37 3 37 3 52 30 52 31 64 31 26 56 26 42 45 42 1 8 1 57 1 8 1 8 1 57 1 42 45 42 26 46 65 46 26 46 26 56 26 31 64 31 52 31 64 31 64 31 52 3 37 66 37 48 6 48 37 48 6 48 37 3 52 30 52 77 70 77 52 11 50 34 50 72 21 72 50 34 50 72 21 72 29 72 29 72 50 72 50 11 18 11 36 67 36 43 41 14 40 14 40 14 41 14 40 14 40 14 41 43 41 63 41 14 41 14 41 14 40 14 41 43 36 43 36 43 36 43 36 11 50 72 21 72 50 11 58 22 58 22 33 23 68 9 49 69 49 9 5 9 68 13 68 23 10 23 33 22 33 22 58 25 58 59 58 22 58 35 24 38 24 35 24 78 24 35 58 79 7 17 44 17 7 79 32 15 71 15 32 75 60 75 32 15 4 15 71 54 71 15 71 15 55 15 32 79 76 16 76 2 76 19 76 79 58 11 18 20 47 20 47 20 27 20 18 20 27 51 27 61 28 74 28 61 62 61 27 39 27 20 53 20 18 12 18 12 18 11 52 80 73 80 52 31 26 42 1 8 1 8 1 57 1 8 1 57 1 42 26 31 64 31 52 77 70 77 52 30 52 80 52 30 52 3 37 66 37 48 6
