1000
1 1000
0 859 0 623
0 880 0 486
1 1000
0 945 0 793
0 941 0 689
1 1000
0 619 0 310
0 971 0 579
1 1000
0 803 0 249
0 420 0 391
1 1000
0 75 0 167
0 942 0 841
1 1000
0 913 0 622
0 462 0 467
1 1000
0 166 0 77
0 263 0 899
1 1000
0 561 0 100
0 329 0 222
1 1000
0 533 0 134
0 656 0 599
1 1000
0 103 0 591
0 654 0 282
1 1000
0 985 0 789
0 50 0 932
1 1000
0 561 0 612
0 419 0 7
1 1000
0 819 0 503
0 956 0 454
1 1000
0 749 0 550
0 728 0 151
1 1000
0 877 0 145
0 749 0 216
1 1000
0 556 0 149
0 169 0 621
1 1000
0 715 0 668
0 444 0 465
1 1000
0 409 0 992
0 850 0 896
1 1000
0 61 0 140
0 456 0 49
1 1000
0 579 0 572
0 574 0 139
1 1000
0 865 0 86
0 264 0 482
1 1000
0 640 0 823
0 259 0 21
1 1000
0 914 0 850
0 360 0 501
1 1000
0 807 0 161
0 799 0 508
1 1000
0 230 0 478
0 110 0 763
1 1000
0 597 0 54
0 839 0 716
1 1000
0 476 0 560
0 594 0 19
1 1000
0 915 0 119
0 799 0 627
1 1000
0 882 0 577
0 862 0 458
1 1000
0 295 0 899
0 799 0 306
1 1000
0 649 0 481
0 384 0 609
1 1000
0 725 0 786
0 724 0 829
1 1000
0 828 0 213
0 363 0 739
1 1000
0 647 0 152
0 628 0 951
1 1000
0 820 0 792
0 216 0 892
1 1000
0 477 0 364
0 951 0 149
1 1000
0 788 0 356
0 378 0 167
1 1000
0 922 0 441
0 284 0 870
1 1000
0 405 0 433
0 454 0 842
1 1000
0 329 0 962
0 568 0 639
1 1000
0 643 0 541
0 603 0 796
1 1000
0 467 0 186
0 138 0 289
1 1000
0 718 0 982
0 983 0 657
1 1000
0 339 0 481
0 968 0 304
1 1000
0 734 0 767
0 320 0 947
1 1000
0 109 0 291
0 483 0 926
1 1000
0 840 0 604
0 143 0 347
1 1000
0 482 0 571
0 385 0 667
1 1000
0 264 0 541
0 24 0 704
1 1000
0 649 0 946
0 220 0 139
1 1000
0 823 0 37
0 718 0 963
1 1000
0 99 0 319
0 679 0 938
1 1000
0 398 0 612
0 399 0 468
1 1000
0 74 0 570
0 24 0 116
1 1000
0 525 0 513
0 343 0 185
1 1000
0 841 0 790
0 889 0 352
1 1000
0 984 0 580
0 971 0 46
1 1000
0 416 0 127
0 982 0 735
1 1000
0 540 0 152
0 647 0 389
1 1000
0 622 0 946
0 349 0 64
1 1000
0 589 0 52
0 102 0 352
1 1000
0 12 0 818
0 656 0 911
1 1000
0 62 0 887
0 422 0 506
1 1000
0 239 0 6
0 166 0 653
1 1000
0 272 0 216
0 106 0 724
1 1000
0 586 0 48
0 700 0 175
1 1000
0 752 0 750
0 379 0 825
1 1000
0 211 0 56
0 269 0 301
1 1000
0 435 0 59
0 304 0 453
1 1000
0 732 0 134
0 144 0 954
1 1000
0 625 0 454
0 442 0 48
1 1000
0 700 0 932
0 705 0 582
1 1000
0 352 0 705
0 453 0 698
1 1000
0 693 0 479
0 73 0 59
1 1000
0 106 0 726
0 243 0 547
1 1000
0 63 0 290
0 136 0 283
1 1000
0 936 0 989
0 689 0 745
1 1000
0 342 0 181
0 838 0 595
1 1000
0 287 0 914
0 415 0 200
1 1000
0 43 0 149
0 560 0 382
1 1000
0 141 0 392
0 760 0 564
1 1000
0 308 0 409
0 606 0 334
1 1000
0 466 0 554
0 88 0 244
1 1000
0 116 0 952
0 298 0 402
1 1000
0 734 0 445
0 986 0 259
1 1000
0 283 0 384
0 315 0 311
1 1000
0 897 0 307
0 712 0 232
1 1000
0 99 0 139
0 907 0 625
1 1000
0 148 0 197
0 218 0 82
1 1000
0 68 0 348
0 440 0 41
1 1000
0 290 0 779
0 285 0 982
1 1000
0 163 0 289
0 641 0 162
1 1000
0 687 0 569
0 997 0 599
1 1000
0 35 0 617
0 469 0 333
1 1000
0 111 0 820
0 526 0 881
1 1000
0 516 0 122
0 874 0 166
1 1000
0 979 0 205
0 129 0 358
1 1000
0 571 0 407
0 628 0 15
1 1000
0 781 0 204
0 292 0 410
1 1000
0 994 0 430
0 893 0 348
1 1000
0 387 0 773
0 800 0 945
1 1000
0 339 0 374
0 440 0 587
1 1000
0 460 0 455
0 991 0 910
1 1000
0 662 0 610
0 426 0 832
1 1000
0 651 0 80
0 459 0 99
1 1000
0 118 0 337
0 748 0 483
1 1000
0 369 0 573
0 628 0 25
1 1000
0 739 0 658
0 87 0 220
1 1000
0 831 0 919
0 571 0 596
1 1000
0 881 0 162
0 785 0 739
1 1000
0 168 0 940
0 221 0 22
1 1000
0 295 0 735
0 394 0 456
1 1000
0 990 0 718
0 505 0 5
1 1000
0 269 0 134
0 262 0 690
1 1000
0 123 0 625
0 466 0 875
1 1000
0 180 0 632
0 890 0 212
1 1000
0 627 0 152
0 414 0 920
1 1000
0 282 0 354
0 905 0 557
1 1000
0 921 0 726
0 309 0 696
1 1000
0 371 0 453
0 790 0 376
1 1000
0 996 0 485
0 147 0 451
1 1000
0 295 0 415
0 221 0 510
1 1000
0 86 0 597
0 38 0 615
1 1000
0 302 0 920
0 287 0 206
1 1000
0 862 0 2
0 949 0 229
1 1000
0 383 0 784
0 271 0 862
1 1000
0 793 0 701
0 42 0 224
1 1000
0 469 0 41
0 502 0 177
1 1000
0 532 0 795
0 450 0 622
1 1000
0 825 0 232
0 785 0 878
1 1000
0 882 0 811
0 329 0 688
1 1000
0 561 0 634
0 27 0 606
1 1000
0 512 0 929
0 354 0 336
1 1000
0 444 0 513
0 130 0 599
1 1000
0 729 0 135
0 869 0 836
1 1000
0 87 0 974
0 151 0 435
1 1000
0 702 0 487
0 36 0 944
1 1000
0 180 0 302
0 482 0 371
1 1000
0 372 0 404
0 394 0 234
1 1000
0 338 0 532
0 236 0 707
1 1000
0 436 0 955
0 95 0 240
1 1000
0 403 0 410
0 602 0 784
1 1000
0 801 0 187
0 161 0 77
1 1000
0 837 0 488
0 60 0 610
1 1000
0 49 0 334
0 68 0 38
1 1000
0 949 0 387
0 951 0 387
1 1000
0 175 0 486
0 611 0 335
1 1000
0 600 0 454
0 754 0 387
1 1000
0 409 0 245
0 906 0 575
1 1000
0 324 0 990
0 89 0 973
1 1000
0 846 0 521
0 791 0 536
1 1000
0 336 0 425
0 617 0 526
1 1000
0 769 0 635
0 687 0 359
1 1000
0 83 0 468
0 697 0 700
1 1000
0 415 0 407
0 914 0 370
1 1000
0 383 0 401
0 199 0 961
1 1000
0 578 0 918
0 833 0 275
1 1000
0 71 0 329
0 853 0 976
1 1000
0 798 0 889
0 139 0 594
1 1000
0 35 0 90
0 39 0 371
1 1000
0 534 0 641
0 474 0 534
1 1000
0 794 0 484
0 316 0 797
1 1000
0 832 0 667
0 53 0 277
1 1000
0 823 0 675
0 919 0 854
1 1000
0 200 0 467
0 231 0 524
1 1000
0 44 0 921
0 804 0 342
1 1000
0 145 0 743
0 48 0 687
1 1000
0 538 0 163
0 892 0 5
1 1000
0 522 0 880
0 716 0 684
1 1000
0 863 0 783
0 901 0 345
1 1000
0 344 0 310
0 417 0 962
1 1000
0 717 0 863
0 488 0 849
1 1000
0 941 0 515
0 938 0 57
1 1000
0 51 0 837
0 285 0 379
1 1000
0 795 0 884
0 520 0 975
1 1000
0 788 0 487
0 893 0 301
1 1000
0 554 0 655
0 33 0 98
1 1000
0 882 0 139
0 60 0 210
1 1000
0 461 0 211
0 931 0 9
1 1000
0 427 0 155
0 837 0 156
1 1000
0 177 0 172
0 683 0 863
1 1000
0 72 0 318
0 869 0 820
1 1000
0 571 0 347
0 520 0 590
1 1000
0 441 0 973
0 372 0 556
1 1000
0 228 0 464
0 518 0 556
1 1000
0 108 0 296
0 847 0 29
1 1000
0 288 0 816
0 875 0 857
1 1000
0 190 0 200
0 896 0 181
1 1000
0 714 0 435
0 752 0 804
1 1000
0 338 0 836
0 452 0 190
1 1000
0 789 0 198
0 373 0 203
1 1000
0 88 0 146
0 840 0 53
1 1000
0 109 0 657
0 418 0 457
1 1000
0 525 0 764
0 188 0 311
1 1000
0 949 0 83
0 280 0 786
1 1000
0 159 0 355
0 681 0 731
1 1000
0 475 0 303
0 804 0 606
1 1000
0 920 0 254
0 290 0 807
1 1000
0 705 0 306
0 317 0 793
1 1000
0 625 0 639
0 795 0 276
1 1000
0 879 0 788
0 896 0 903
1 1000
0 869 0 974
0 294 0 944
1 1000
0 72 0 88
0 25 0 885
1 1000
0 137 0 671
0 828 0 606
1 1000
0 798 0 117
0 580 0 327
1 1000
0 204 0 592
0 276 0 189
1 1000
0 624 0 302
0 671 0 689
1 1000
0 831 0 501
0 894 0 620
1 1000
0 52 0 610
0 31 0 187
1 1000
0 687 0 985
0 16 0 129
1 1000
0 400 0 274
0 934 0 6
1 1000
0 771 0 782
0 352 0 717
1 1000
0 118 0 816
0 905 0 496
1 1000
0 42 0 538
0 807 0 648
1 1000
0 553 0 468
0 503 0 134
1 1000
0 800 0 882
0 810 0 300
1 1000
0 654 0 651
0 267 0 962
1 1000
0 925 0 229
0 698 0 912
1 1000
0 9 0 958
0 728 0 12
1 1000
0 43 0 16
0 110 0 822
1 1000
0 38 0 679
0 830 0 510
1 1000
0 141 0 161
0 817 0 467
1 1000
0 974 0 684
0 25 0 227
1 1000
0 836 0 406
0 620 0 45
1 1000
0 854 0 349
0 747 0 506
1 1000
0 778 0 834
0 135 0 76
1 1000
0 366 0 293
0 13 0 819
1 1000
0 411 0 223
0 127 0 223
1 1000
0 588 0 753
0 757 0 64
1 1000
0 91 0 107
0 341 0 861
1 1000
0 188 0 136
0 118 0 885
1 1000
0 872 0 692
0 552 0 419
1 1000
0 506 0 539
0 965 0 613
1 1000
0 830 0 166
0 249 0 209
1 1000
0 953 0 478
0 492 0 914
1 1000
0 920 0 873
0 697 0 44
1 1000
0 0 0 976
0 612 0 822
1 1000
0 753 0 153
0 42 0 529
1 1000
0 349 0 13
0 56 0 134
1 1000
0 539 0 307
0 909 0 736
1 1000
0 528 0 793
0 81 0 784
1 1000
0 823 0 186
0 337 0 612
1 1000
0 73 0 409
0 966 0 215
1 1000
0 286 0 54
0 535 0 373
1 1000
0 654 0 699
0 447 0 450
1 1000
0 610 0 376
0 298 0 790
1 1000
0 695 0 877
0 598 0 652
1 1000
0 125 0 349
0 846 0 322
1 1000
0 751 0 241
0 35 0 888
1 1000
0 573 0 973
0 643 0 903
1 1000
0 997 0 279
0 640 0 294
1 1000
0 230 0 623
0 652 0 812
1 1000
0 777 0 661
0 871 0 332
1 1000
0 267 0 914
0 897 0 424
1 1000
0 875 0 665
0 173 0 607
1 1000
0 353 0 241
0 697 0 230
1 1000
0 440 0 243
0 409 0 987
1 1000
0 576 0 183
0 988 0 315
1 1000
0 220 0 733
0 976 0 813
1 1000
0 276 0 784
0 696 0 841
1 1000
0 561 0 734
0 827 0 984
1 1000
0 421 0 724
0 629 0 188
1 1000
0 733 0 26
0 775 0 364
1 1000
0 335 0 240
0 736 0 798
1 1000
0 53 0 900
0 625 0 932
1 1000
0 309 0 871
0 989 0 382
1 1000
0 864 0 106
0 408 0 528
1 1000
0 449 0 517
0 596 0 422
1 1000
0 849 0 474
0 101 0 835
1 1000
0 375 0 682
0 362 0 346
1 1000
0 854 0 980
0 506 0 952
1 1000
0 181 0 568
0 45 0 264
1 1000
0 949 0 753
0 383 0 561
1 1000
0 608 0 968
0 482 0 487
1 1000
0 937 0 273
0 123 0 278
1 1000
0 330 0 894
0 964 0 634
1 1000
0 940 0 655
0 427 0 170
1 1000
0 880 0 715
0 46 0 695
1 1000
0 445 0 985
0 837 0 28
1 1000
0 630 0 349
0 433 0 584
1 1000
0 287 0 256
0 578 0 425
1 1000
0 630 0 807
0 931 0 665
1 1000
0 546 0 181
0 486 0 125
1 1000
0 776 0 703
0 92 0 457
1 1000
0 942 0 448
0 187 0 219
1 1000
0 321 0 921
0 579 0 920
1 1000
0 781 0 113
0 48 0 381
1 1000
0 144 0 680
0 381 0 817
1 1000
0 471 0 30
0 235 0 537
1 1000
0 984 0 972
0 852 0 693
1 1000
0 92 0 879
0 507 0 654
1 1000
0 965 0 222
0 751 0 444
1 1000
0 858 0 6
0 105 0 41
1 1000
0 527 0 562
0 898 0 958
1 1000
0 949 0 646
0 215 0 295
1 1000
0 348 0 591
0 361 0 322
1 1000
0 445 0 639
0 144 0 519
1 1000
0 483 0 971
0 913 0 212
1 1000
0 149 0 371
0 891 0 596
1 1000
0 768 0 16
0 769 0 444
1 1000
0 286 0 220
0 26 0 317
1 1000
0 568 0 329
0 975 0 479
1 1000
0 230 0 148
0 269 0 839
1 1000
0 862 0 452
0 627 0 134
1 1000
0 858 0 392
0 469 0 902
1 1000
0 290 0 121
0 247 0 246
1 1000
0 197 0 502
0 434 0 914
1 1000
0 375 0 930
0 604 0 466
1 1000
0 934 0 581
0 868 0 316
1 1000
0 604 0 928
0 982 0 511
1 1000
0 672 0 658
0 597 0 92
1 1000
0 5 0 196
0 755 0 54
1 1000
0 47 0 196
0 587 0 660
1 1000
0 685 0 102
0 813 0 408
1 1000
0 76 0 867
0 930 0 694
1 1000
0 334 0 423
0 4 0 823
1 1000
0 615 0 808
0 126 0 645
1 1000
0 585 0 620
0 158 0 346
1 1000
0 650 0 420
0 787 0 543
1 1000
0 815 0 139
0 140 0 459
1 1000
0 854 0 871
0 460 0 919
1 1000
0 646 0 346
0 33 0 924
1 1000
0 166 0 792
0 916 0 166
1 1000
0 809 0 585
0 519 0 168
1 1000
0 38 0 141
0 84 0 666
1 1000
0 956 0 806
0 900 0 423
1 1000
0 756 0 311
0 792 0 434
1 1000
0 826 0 180
0 380 0 407
1 1000
0 639 0 738
0 406 0 748
1 1000
0 175 0 853
0 624 0 352
1 1000
0 861 0 990
0 24 0 636
1 1000
0 736 0 655
0 410 0 669
1 1000
0 156 0 230
0 272 0 681
1 1000
0 723 0 932
0 775 0 999
1 1000
0 57 0 776
0 355 0 365
1 1000
0 899 0 610
0 823 0 178
1 1000
0 100 0 194
0 64 0 731
1 1000
0 925 0 632
0 994 0 859
1 1000
0 418 0 119
0 404 0 338
1 1000
0 914 0 644
0 484 0 630
1 1000
0 449 0 44
0 946 0 101
1 1000
0 236 0 752
0 475 0 673
1 1000
0 184 0 621
0 849 0 932
1 1000
0 325 0 125
0 926 0 331
1 1000
0 173 0 418
0 338 0 672
1 1000
0 525 0 593
0 430 0 972
1 1000
0 675 0 191
0 125 0 408
1 1000
0 807 0 441
0 158 0 726
1 1000
0 634 0 234
0 37 0 541
1 1000
0 784 0 390
0 217 0 687
1 1000
0 278 0 429
0 927 0 328
1 1000
0 564 0 150
0 734 0 113
1 1000
0 411 0 723
0 422 0 933
1 1000
0 619 0 173
0 210 0 392
1 1000
0 357 0 209
0 85 0 961
1 1000
0 38 0 184
0 811 0 333
1 1000
0 586 0 848
0 573 0 472
1 1000
0 245 0 552
0 577 0 992
1 1000
0 108 0 925
0 737 0 587
1 1000
0 902 0 806
0 545 0 436
1 1000
0 45 0 787
0 134 0 763
1 1000
0 172 0 795
0 936 0 300
1 1000
0 824 0 323
0 917 0 321
1 1000
0 403 0 585
0 873 0 939
1 1000
0 562 0 517
0 170 0 506
1 1000
0 564 0 174
0 747 0 94
1 1000
0 27 0 51
0 415 0 456
1 1000
0 21 0 412
0 555 0 624
1 1000
0 432 0 498
0 42 0 31
1 1000
0 564 0 596
0 456 0 681
1 1000
0 458 0 859
0 135 0 961
1 1000
0 772 0 684
0 249 0 986
1 1000
0 7 0 574
0 794 0 609
1 1000
0 340 0 655
0 309 0 10
1 1000
0 580 0 572
0 240 0 992
1 1000
0 964 0 426
0 686 0 60
1 1000
0 595 0 839
0 467 0 803
1 1000
0 803 0 540
0 154 0 940
1 1000
0 963 0 303
0 946 0 902
1 1000
0 573 0 62
0 211 0 392
1 1000
0 657 0 917
0 319 0 155
1 1000
0 976 0 401
0 251 0 377
1 1000
0 895 0 732
0 900 0 152
1 1000
0 621 0 305
0 245 0 451
1 1000
0 28 0 578
0 837 0 927
1 1000
0 105 0 112
0 634 0 938
1 1000
0 675 0 241
0 735 0 411
1 1000
0 159 0 753
0 574 0 909
1 1000
0 70 0 595
0 476 0 146
1 1000
0 616 0 657
0 835 0 339
1 1000
0 780 0 505
0 440 0 198
1 1000
0 665 0 720
0 658 0 163
1 1000
0 569 0 633
0 49 0 670
1 1000
0 566 0 334
0 679 0 221
1 1000
0 389 0 18
0 918 0 60
1 1000
0 868 0 263
0 645 0 140
1 1000
0 239 0 508
0 301 0 522
1 1000
0 274 0 757
0 575 0 56
1 1000
0 498 0 604
0 421 0 261
1 1000
0 695 0 383
0 146 0 457
1 1000
0 766 0 156
0 432 0 818
1 1000
0 321 0 705
0 72 0 746
1 1000
0 562 0 493
0 311 0 230
1 1000
0 738 0 173
0 44 0 350
1 1000
0 696 0 261
0 414 0 740
1 1000
0 53 0 868
0 827 0 100
1 1000
0 441 0 975
0 394 0 165
1 1000
0 177 0 509
0 370 0 703
1 1000
0 659 0 557
0 237 0 799
1 1000
0 892 0 110
0 576 0 219
1 1000
0 437 0 318
0 44 0 186
1 1000
0 959 0 427
0 645 0 791
1 1000
0 516 0 382
0 738 0 252
1 1000
0 559 0 283
0 420 0 57
1 1000
0 192 0 233
0 257 0 733
1 1000
0 5 0 561
0 418 0 75
1 1000
0 649 0 952
0 97 0 221
1 1000
0 241 0 135
0 889 0 246
1 1000
0 805 0 938
0 775 0 794
1 1000
0 664 0 526
0 207 0 400
1 1000
0 297 0 712
0 250 0 266
1 1000
0 751 0 240
0 431 0 484
1 1000
0 696 0 776
0 690 0 518
1 1000
0 958 0 810
0 733 0 428
1 1000
0 551 0 557
0 883 0 575
1 1000
0 584 0 468
0 518 0 278
1 1000
0 609 0 904
0 231 0 802
1 1000
0 381 0 365
0 386 0 539
1 1000
0 473 0 734
0 341 0 451
1 1000
0 480 0 507
0 271 0 909
1 1000
0 832 0 8
0 701 0 866
1 1000
0 57 0 695
0 996 0 216
1 1000
0 143 0 842
0 839 0 133
1 1000
0 979 0 125
0 177 0 134
1 1000
0 864 0 511
0 14 0 514
1 1000
0 776 0 238
0 0 0 344
1 1000
0 343 0 905
0 906 0 8
1 1000
0 305 0 910
0 198 0 863
1 1000
0 606 0 282
0 58 0 9
1 1000
0 664 0 349
0 996 0 320
1 1000
0 80 0 136
0 950 0 449
1 1000
0 178 0 288
0 640 0 107
1 1000
0 732 0 723
0 530 0 294
1 1000
0 260 0 119
0 604 0 780
1 1000
0 866 0 930
0 193 0 168
1 1000
0 345 0 855
0 149 0 952
1 1000
0 809 0 232
0 225 0 767
1 1000
0 46 0 22
0 952 0 917
1 1000
0 854 0 84
0 842 0 227
1 1000
0 771 0 480
0 246 0 126
1 1000
0 519 0 298
0 774 0 498
1 1000
0 403 0 72
0 11 0 652
1 1000
0 35 0 200
0 870 0 757
1 1000
0 245 0 387
0 620 0 376
1 1000
0 774 0 799
0 85 0 636
1 1000
0 350 0 715
0 339 0 419
1 1000
0 442 0 443
0 901 0 742
1 1000
0 891 0 219
0 859 0 409
1 1000
0 403 0 176
0 386 0 190
1 1000
0 582 0 842
0 97 0 68
1 1000
0 800 0 341
0 77 0 299
1 1000
0 604 0 853
0 193 0 166
1 1000
0 953 0 439
0 716 0 97
1 1000
0 856 0 976
0 566 0 694
1 1000
0 252 0 481
0 531 0 281
1 1000
0 953 0 257
0 94 0 282
1 1000
0 511 0 477
0 30 0 50
1 1000
0 375 0 254
0 275 0 81
1 1000
0 524 0 587
0 20 0 817
1 1000
0 687 0 103
0 798 0 170
1 1000
0 973 0 943
0 91 0 774
1 1000
0 352 0 983
0 426 0 870
1 1000
0 847 0 530
0 753 0 374
1 1000
0 652 0 260
0 841 0 412
1 1000
0 777 0 519
0 391 0 862
1 1000
0 325 0 313
0 440 0 306
1 1000
0 644 0 226
0 178 0 927
1 1000
0 897 0 511
0 278 0 618
1 1000
0 764 0 931
0 811 0 847
1 1000
0 424 0 967
0 946 0 506
1 1000
0 38 0 12
0 592 0 853
1 1000
0 974 0 503
0 571 0 493
1 1000
0 95 0 688
0 515 0 290
1 1000
0 226 0 625
0 39 0 653
1 1000
0 791 0 741
0 296 0 807
1 1000
0 441 0 513
0 836 0 844
1 1000
0 558 0 980
0 320 0 912
1 1000
0 845 0 31
0 201 0 831
1 1000
0 591 0 84
0 769 0 590
1 1000
0 231 0 266
0 961 0 16
1 1000
0 910 0 164
0 763 0 385
1 1000
0 958 0 25
0 828 0 582
1 1000
0 115 0 565
0 315 0 552
1 1000
0 648 0 549
0 552 0 436
1 1000
0 628 0 874
0 679 0 257
1 1000
0 49 0 702
0 419 0 335
1 1000
0 442 0 894
0 382 0 353
1 1000
0 206 0 163
0 672 0 130
1 1000
0 830 0 949
0 657 0 67
1 1000
0 546 0 70
0 910 0 892
1 1000
0 806 0 576
0 985 0 221
1 1000
0 152 0 861
0 693 0 214
1 1000
0 861 0 450
0 915 0 62
1 1000
0 516 0 618
0 427 0 280
1 1000
0 645 0 974
0 9 0 57
1 1000
0 189 0 989
0 193 0 813
1 1000
0 517 0 333
0 998 0 777
1 1000
0 152 0 426
0 432 0 666
1 1000
0 251 0 689
0 509 0 557
1 1000
0 281 0 929
0 187 0 99
1 1000
0 853 0 746
0 236 0 919
1 1000
0 995 0 640
0 561 0 65
1 1000
0 454 0 280
0 138 0 845
1 1000
0 860 0 297
0 44 0 412
1 1000
0 318 0 462
0 7 0 211
1 1000
0 167 0 809
0 71 0 704
1 1000
0 463 0 767
0 157 0 659
1 1000
0 915 0 649
0 843 0 480
1 1000
0 950 0 1
0 37 0 910
1 1000
0 288 0 969
0 513 0 670
1 1000
0 206 0 45
0 209 0 698
1 1000
0 678 0 223
0 691 0 320
1 1000
0 929 0 61
0 268 0 771
1 1000
0 595 0 207
0 117 0 721
1 1000
0 80 0 811
0 654 0 100
1 1000
0 858 0 775
0 708 0 178
1 1000
0 20 0 444
0 224 0 142
1 1000
0 790 0 504
0 590 0 417
1 1000
0 132 0 503
0 392 0 370
1 1000
0 203 0 446
0 412 0 665
1 1000
0 29 0 916
0 890 0 802
1 1000
0 84 0 323
0 706 0 703
1 1000
0 973 0 700
0 123 0 705
1 1000
0 676 0 189
0 856 0 500
1 1000
0 103 0 188
0 304 0 310
1 1000
0 180 0 552
0 661 0 393
1 1000
0 995 0 667
0 361 0 99
1 1000
0 604 0 538
0 869 0 137
1 1000
0 257 0 698
0 427 0 806
1 1000
0 101 0 392
0 187 0 244
1 1000
0 271 0 983
0 310 0 336
1 1000
0 829 0 684
0 948 0 251
1 1000
0 372 0 928
0 896 0 932
1 1000
0 657 0 16
0 865 0 572
1 1000
0 494 0 918
0 772 0 369
1 1000
0 952 0 751
0 539 0 52
1 1000
0 672 0 45
0 958 0 548
1 1000
0 21 0 910
0 792 0 332
1 1000
0 810 0 523
0 314 0 15
1 1000
0 632 0 188
0 670 0 398
1 1000
0 318 0 441
0 185 0 281
1 1000
0 115 0 427
0 271 0 478
1 1000
0 34 0 238
0 808 0 908
1 1000
0 258 0 233
0 825 0 227
1 1000
0 852 0 680
0 229 0 401
1 1000
0 193 0 952
0 350 0 762
1 1000
0 620 0 917
0 818 0 490
1 1000
0 165 0 527
0 658 0 720
1 1000
0 606 0 684
0 782 0 293
1 1000
0 864 0 179
0 243 0 646
1 1000
0 756 0 522
0 481 0 893
1 1000
0 776 0 384
0 67 0 807
1 1000
0 163 0 196
0 673 0 279
1 1000
0 178 0 958
0 993 0 265
1 1000
0 237 0 912
0 780 0 245
1 1000
0 107 0 132
0 802 0 673
1 1000
0 623 0 989
0 910 0 849
1 1000
0 851 0 913
0 353 0 983
1 1000
0 795 0 964
0 691 0 230
1 1000
0 238 0 26
0 658 0 980
1 1000
0 610 0 134
0 472 0 899
1 1000
0 846 0 973
0 810 0 487
1 1000
0 261 0 402
0 980 0 339
1 1000
0 771 0 732
0 891 0 210
1 1000
0 508 0 143
0 446 0 876
1 1000
0 416 0 268
0 300 0 250
1 1000
0 737 0 30
0 790 0 135
1 1000
0 834 0 838
0 162 0 130
1 1000
0 457 0 355
0 909 0 807
1 1000
0 227 0 879
0 614 0 489
1 1000
0 906 0 850
0 518 0 962
1 1000
0 866 0 254
0 644 0 283
1 1000
0 615 0 890
0 469 0 147
1 1000
0 182 0 804
0 349 0 22
1 1000
0 822 0 955
0 686 0 510
1 1000
0 382 0 216
0 353 0 252
1 1000
0 200 0 81
0 523 0 619
1 1000
0 681 0 599
0 771 0 38
1 1000
0 236 0 877
0 80 0 240
1 1000
0 671 0 186
0 424 0 796
1 1000
0 337 0 555
0 462 0 810
1 1000
0 686 0 170
0 86 0 936
1 1000
0 661 0 208
0 277 0 732
1 1000
0 116 0 325
0 234 0 323
1 1000
0 323 0 739
0 98 0 322
1 1000
0 371 0 772
0 517 0 893
1 1000
0 150 0 238
0 979 0 921
1 1000
0 270 0 903
0 800 0 696
1 1000
0 27 0 627
0 926 0 503
1 1000
0 372 0 510
0 956 0 286
1 1000
0 112 0 23
0 322 0 704
1 1000
0 739 0 650
0 334 0 4
1 1000
0 897 0 653
0 182 0 788
1 1000
0 476 0 999
0 21 0 608
1 1000
0 356 0 179
0 601 0 937
1 1000
0 495 0 863
0 155 0 14
1 1000
0 906 0 123
0 535 0 152
1 1000
0 485 0 890
0 148 0 818
1 1000
0 514 0 144
0 232 0 607
1 1000
0 74 0 694
0 307 0 958
1 1000
0 616 0 608
0 334 0 971
1 1000
0 64 0 913
0 479 0 689
1 1000
0 9 0 276
0 113 0 940
1 1000
0 487 0 949
0 930 0 188
1 1000
0 483 0 283
0 946 0 291
1 1000
0 528 0 744
0 52 0 864
1 1000
0 833 0 46
0 548 0 250
1 1000
0 60 0 390
0 495 0 923
1 1000
0 602 0 724
0 405 0 423
1 1000
0 543 0 482
0 28 0 811
1 1000
0 289 0 712
0 550 0 180
1 1000
0 404 0 700
0 968 0 407
1 1000
0 188 0 233
0 168 0 808
1 1000
0 764 0 767
0 953 0 534
1 1000
0 544 0 312
0 685 0 940
1 1000
0 608 0 586
0 762 0 297
1 1000
0 570 0 143
0 823 0 813
1 1000
0 528 0 759
0 502 0 695
1 1000
0 8 0 861
0 692 0 186
1 1000
0 858 0 257
0 409 0 899
1 1000
0 977 0 574
0 840 0 414
1 1000
0 332 0 303
0 343 0 8
1 1000
0 867 0 140
0 596 0 779
1 1000
0 398 0 267
0 425 0 41
1 1000
0 958 0 63
0 774 0 566
1 1000
0 531 0 467
0 491 0 914
1 1000
0 225 0 224
0 697 0 138
1 1000
0 432 0 914
0 975 0 294
1 1000
0 804 0 929
0 277 0 37
1 1000
0 617 0 313
0 869 0 828
1 1000
0 189 0 409
0 718 0 666
1 1000
0 707 0 84
0 216 0 471
1 1000
0 869 0 993
0 302 0 484
1 1000
0 788 0 786
0 622 0 95
1 1000
0 666 0 3
0 334 0 818
1 1000
0 360 0 777
0 407 0 63
1 1000
0 210 0 37
0 5 0 736
1 1000
0 753 0 853
0 492 0 967
1 1000
0 642 0 149
0 310 0 315
1 1000
0 526 0 157
0 775 0 340
1 1000
0 100 0 791
0 206 0 639
1 1000
0 949 0 903
0 183 0 858
1 1000
0 876 0 485
0 194 0 44
1 1000
0 62 0 371
0 301 0 124
1 1000
0 6 0 757
0 834 0 825
1 1000
0 12 0 126
0 515 0 660
1 1000
0 10 0 774
0 945 0 607
1 1000
0 499 0 40
0 440 0 59
1 1000
0 122 0 190
0 73 0 146
1 1000
0 303 0 54
0 313 0 780
1 1000
0 620 0 406
0 775 0 943
1 1000
0 864 0 801
0 532 0 343
1 1000
0 152 0 39
0 223 0 116
1 1000
0 369 0 242
0 502 0 930
1 1000
0 152 0 702
0 976 0 586
1 1000
0 707 0 171
0 368 0 579
1 1000
0 135 0 900
0 402 0 616
1 1000
0 92 0 10
0 325 0 436
1 1000
0 211 0 366
0 10 0 796
1 1000
0 211 0 168
0 200 0 877
1 1000
0 719 0 986
0 936 0 785
1 1000
0 589 0 819
0 31 0 404
1 1000
0 296 0 4
0 513 0 304
1 1000
0 861 0 845
0 469 0 6
1 1000
0 242 0 474
0 512 0 185
1 1000
0 620 0 803
0 179 0 747
1 1000
0 363 0 734
0 884 0 36
1 1000
0 294 0 490
0 448 0 97
1 1000
0 121 0 237
0 493 0 41
1 1000
0 230 0 423
0 986 0 335
1 1000
0 133 0 731
0 573 0 216
1 1000
0 733 0 357
0 857 0 163
1 1000
0 565 0 652
0 117 0 626
1 1000
0 843 0 115
0 610 0 955
1 1000
0 103 0 792
0 848 0 615
1 1000
0 833 0 563
0 523 0 572
1 1000
0 542 0 728
0 862 0 498
1 1000
0 720 0 962
0 721 0 466
1 1000
0 155 0 741
0 922 0 244
1 1000
0 521 0 55
0 918 0 695
1 1000
0 795 0 637
0 571 0 430
1 1000
0 241 0 488
0 401 0 476
1 1000
0 926 0 164
0 733 0 309
1 1000
0 961 0 174
0 44 0 268
1 1000
0 165 0 516
0 490 0 432
1 1000
0 564 0 996
0 601 0 401
1 1000
0 788 0 394
0 702 0 745
1 1000
0 906 0 831
0 632 0 998
1 1000
0 862 0 226
0 151 0 300
1 1000
0 784 0 858
0 764 0 127
1 1000
0 291 0 311
0 7 0 552
1 1000
0 134 0 337
0 710 0 850
1 1000
0 426 0 28
0 912 0 384
1 1000
0 356 0 725
0 237 0 562
1 1000
0 450 0 260
0 23 0 294
1 1000
0 127 0 905
0 689 0 184
1 1000
0 608 0 860
0 659 0 34
1 1000
0 409 0 673
0 700 0 504
1 1000
0 662 0 923
0 357 0 656
1 1000
0 71 0 385
0 987 0 735
1 1000
0 236 0 639
0 677 0 867
1 1000
0 279 0 643
0 529 0 469
1 1000
0 496 0 812
0 334 0 306
1 1000
0 359 0 562
0 401 0 190
1 1000
0 899 0 718
0 367 0 126
1 1000
0 409 0 528
0 264 0 356
1 1000
0 408 0 343
0 285 0 226
1 1000
0 237 0 987
0 325 0 234
1 1000
0 194 0 394
0 764 0 129
1 1000
0 963 0 256
0 524 0 605
1 1000
0 610 0 931
0 949 0 219
1 1000
0 600 0 14
0 716 0 28
1 1000
0 849 0 383
0 968 0 789
1 1000
0 8 0 862
0 902 0 428
1 1000
0 59 0 356
0 582 0 315
1 1000
0 552 0 461
0 748 0 20
1 1000
0 217 0 180
0 143 0 399
1 1000
0 406 0 501
0 154 0 459
1 1000
0 689 0 282
0 298 0 601
1 1000
0 896 0 90
0 520 0 189
1 1000
0 921 0 853
0 789 0 71
1 1000
0 877 0 157
0 786 0 587
1 1000
0 303 0 815
0 688 0 179
1 1000
0 667 0 591
0 579 0 10
1 1000
0 334 0 874
0 816 0 39
1 1000
0 776 0 752
0 501 0 54
1 1000
0 721 0 865
0 607 0 438
1 1000
0 799 0 975
0 342 0 393
1 1000
0 533 0 698
0 150 0 304
1 1000
0 127 0 204
0 970 0 940
1 1000
0 565 0 52
0 674 0 760
1 1000
0 293 0 678
0 125 0 839
1 1000
0 920 0 689
0 720 0 606
1 1000
0 181 0 30
0 689 0 965
1 1000
0 978 0 937
0 253 0 404
1 1000
0 799 0 322
0 888 0 453
1 1000
0 986 0 723
0 765 0 161
1 1000
0 335 0 616
0 349 0 989
1 1000
0 412 0 434
0 195 0 372
1 1000
0 605 0 346
0 715 0 671
1 1000
0 462 0 963
0 650 0 962
1 1000
0 574 0 203
0 861 0 124
1 1000
0 379 0 133
0 518 0 647
1 1000
0 465 0 681
0 699 0 457
1 1000
0 599 0 626
0 322 0 110
1 1000
0 634 0 708
0 172 0 702
1 1000
0 700 0 239
0 750 0 10
1 1000
0 742 0 880
0 660 0 314
1 1000
0 180 0 581
0 155 0 710
1 1000
0 835 0 763
0 533 0 201
1 1000
0 449 0 984
0 605 0 365
1 1000
0 791 0 358
0 540 0 513
1 1000
0 722 0 748
0 693 0 413
1 1000
0 90 0 164
0 133 0 640
1 1000
0 776 0 468
0 712 0 82
1 1000
0 319 0 114
0 153 0 657
1 1000
0 300 0 826
0 379 0 3
1 1000
0 975 0 293
0 415 0 904
1 1000
0 290 0 119
0 282 0 594
1 1000
0 575 0 91
0 290 0 24
1 1000
0 948 0 100
0 187 0 369
1 1000
0 176 0 813
0 835 0 683
1 1000
0 139 0 788
0 851 0 40
1 1000
0 689 0 519
0 802 0 834
1 1000
0 316 0 598
0 673 0 658
1 1000
0 989 0 599
0 978 0 973
1 1000
0 27 0 141
0 459 0 426
1 1000
0 23 0 904
0 894 0 912
1 1000
0 105 0 260
0 153 0 673
1 1000
0 621 0 912
0 569 0 366
1 1000
0 121 0 210
0 936 0 583
1 1000
0 414 0 299
0 49 0 616
1 1000
0 169 0 89
0 114 0 661
1 1000
0 293 0 285
0 2 0 587
1 1000
0 358 0 71
0 722 0 927
1 1000
0 606 0 716
0 329 0 954
1 1000
0 51 0 294
0 724 0 842
1 1000
0 0 0 77
0 309 0 74
1 1000
0 285 0 344
0 646 0 354
1 1000
0 732 0 889
0 285 0 723
1 1000
0 196 0 996
0 835 0 896
1 1000
0 385 0 312
0 273 0 521
1 1000
0 441 0 622
0 761 0 720
1 1000
0 519 0 78
0 832 0 360
1 1000
0 467 0 643
0 422 0 582
1 1000
0 545 0 627
0 895 0 944
1 1000
0 158 0 29
0 355 0 493
1 1000
0 180 0 70
0 589 0 220
1 1000
0 604 0 562
0 64 0 448
1 1000
0 123 0 769
0 240 0 744
1 1000
0 613 0 283
0 361 0 30
1 1000
0 631 0 602
0 477 0 347
1 1000
0 809 0 262
0 908 0 822
1 1000
0 519 0 107
0 129 0 695
1 1000
0 814 0 434
0 829 0 218
1 1000
0 711 0 693
0 35 0 929
1 1000
0 498 0 824
0 308 0 403
1 1000
0 631 0 869
0 368 0 857
1 1000
0 742 0 379
0 578 0 240
1 1000
0 516 0 162
0 344 0 751
1 1000
0 501 0 951
0 330 0 449
1 1000
0 967 0 187
0 376 0 284
1 1000
0 86 0 310
0 386 0 156
1 1000
0 350 0 377
0 298 0 533
1 1000
0 747 0 532
0 719 0 488
1 1000
0 452 0 926
0 982 0 400
1 1000
0 678 0 160
0 110 0 823
1 1000
0 119 0 288
0 61 0 722
1 1000
0 796 0 945
0 477 0 663
1 1000
0 404 0 137
0 347 0 465
1 1000
0 646 0 677
0 992 0 704
1 1000
0 158 0 615
0 618 0 889
1 1000
0 299 0 814
0 382 0 277
1 1000
0 384 0 243
0 243 0 835
1 1000
0 485 0 85
0 37 0 215
1 1000
0 737 0 465
0 850 0 53
1 1000
0 624 0 703
0 491 0 884
1 1000
0 660 0 14
0 513 0 989
1 1000
0 31 0 663
0 961 0 115
1 1000
0 246 0 797
0 956 0 922
1 1000
0 630 0 59
0 766 0 368
1 1000
0 129 0 762
0 510 0 227
1 1000
0 561 0 248
0 102 0 871
1 1000
0 70 0 741
0 96 0 754
1 1000
0 481 0 605
0 697 0 660
1 1000
0 217 0 521
0 314 0 848
1 1000
0 831 0 578
0 889 0 329
1 1000
0 86 0 278
0 97 0 44
1 1000
0 794 0 318
0 850 0 812
1 1000
0 219 0 252
0 447 0 213
1 1000
0 27 0 203
0 396 0 851
1 1000
0 531 0 309
0 414 0 919
1 1000
0 257 0 485
0 622 0 28
1 1000
0 711 0 241
0 652 0 164
1 1000
0 300 0 502
0 495 0 302
1 1000
0 16 0 439
0 239 0 326
1 1000
0 211 0 846
0 630 0 176
1 1000
0 340 0 274
0 103 0 511
1 1000
0 817 0 448
0 60 0 535
1 1000
0 252 0 713
0 78 0 395
1 1000
0 447 0 670
0 963 0 68
1 1000
0 22 0 393
0 167 0 195
1 1000
0 870 0 161
0 516 0 701
1 1000
0 920 0 395
0 640 0 295
1 1000
0 240 0 257
0 917 0 589
1 1000
0 765 0 253
0 351 0 518
1 1000
0 961 0 553
0 490 0 163
1 1000
0 479 0 41
0 204 0 791
1 1000
0 431 0 81
0 474 0 175
1 1000
0 912 0 338
0 753 0 827
1 1000
0 972 0 249
0 842 0 766
1 1000
0 725 0 471
0 206 0 176
1 1000
0 123 0 588
0 4 0 42
1 1000
0 99 0 449
0 932 0 40
1 1000
0 552 0 505
0 55 0 31
1 1000
0 372 0 789
0 431 0 419
1 1000
0 567 0 142
0 589 0 342
1 1000
0 455 0 996
0 419 0 730
1 1000
0 411 0 498
0 999 0 88
1 1000
0 121 0 776
0 865 0 114
1 1000
0 537 0 316
0 670 0 963
1 1000
0 286 0 14
0 580 0 236
1 1000
0 485 0 558
0 343 0 638
1 1000
0 981 0 423
0 699 0 324
1 1000
0 210 0 979
0 913 0 542
1 1000
0 104 0 730
0 51 0 387
1 1000
0 67 0 665
0 428 0 810
1 1000
0 838 0 197
0 663 0 503
1 1000
0 634 0 201
0 126 0 970
1 1000
0 544 0 509
0 497 0 671
1 1000
0 835 0 368
0 781 0 243
1 1000
0 234 0 393
0 53 0 826
1 1000
0 696 0 902
0 863 0 209
1 1000
0 904 0 831
0 464 0 579
1 1000
0 858 0 410
0 944 0 618
1 1000
0 555 0 691
0 875 0 27
1 1000
0 660 0 704
0 430 0 875
1 1000
0 483 0 596
0 415 0 425
1 1000
0 400 0 824
0 490 0 616
1 1000
0 914 0 849
0 418 0 248
1 1000
0 297 0 520
0 294 0 251
1 1000
0 380 0 346
0 751 0 697
1 1000
0 763 0 179
0 243 0 902
1 1000
0 21 0 94
0 599 0 713
1 1000
0 829 0 889
0 793 0 607
1 1000
0 245 0 94
0 689 0 451
1 1000
0 367 0 91
0 106 0 61
1 1000
0 534 0 183
0 658 0 10
1 1000
0 211 0 815
0 325 0 506
1 1000
0 997 0 777
0 32 0 521
1 1000
0 648 0 512
0 153 0 532
1 1000
0 98 0 745
0 637 0 257
1 1000
0 556 0 59
0 502 0 507
1 1000
0 93 0 295
0 573 0 444
1 1000
0 860 0 939
0 421 0 279
1 1000
0 43 0 847
0 400 0 315
1 1000
0 997 0 844
0 598 0 592
1 1000
0 661 0 388
0 44 0 431
1 1000
0 660 0 673
0 470 0 201
1 1000
0 403 0 956
0 435 0 405
1 1000
0 927 0 757
0 269 0 745
1 1000
0 386 0 494
0 967 0 935
1 1000
0 701 0 414
0 684 0 631
1 1000
0 583 0 527
0 868 0 762
1 1000
0 421 0 271
0 814 0 277
1 1000
0 3 0 927
0 689 0 145
1 1000
0 250 0 704
0 649 0 839
1 1000
0 550 0 135
0 127 0 939
1 1000
0 580 0 303
0 81 0 197
1 1000
0 334 0 409
0 171 0 476
1 1000
0 113 0 855
0 78 0 183
1 1000
0 891 0 266
0 175 0 197
1 1000
0 387 0 95
0 407 0 682
1 1000
0 191 0 867
0 290 0 382
1 1000
0 967 0 937
0 511 0 681
1 1000
0 882 0 282
0 632 0 677
1 1000
0 474 0 307
0 546 0 662
1 1000
0 529 0 696
0 339 0 193
1 1000
0 662 0 552
0 266 0 919
1 1000
0 219 0 483
0 291 0 340
1 1000
0 889 0 836
0 567 0 401
1 1000
0 767 0 941
0 913 0 410
1 1000
0 179 0 158
0 614 0 620
1 1000
0 176 0 160
0 806 0 561
1 1000
0 907 0 368
0 801 0 532
1 1000
0 120 0 96
0 478 0 378
1 1000
0 879 0 695
0 609 0 912
1 1000
0 87 0 447
0 676 0 580
1 1000
0 631 0 719
0 312 0 169
1 1000
0 649 0 402
0 483 0 857
1 1000
0 746 0 576
0 593 0 701
1 1000
0 972 0 213
0 574 0 210
1 1000
0 741 0 52
0 443 0 474
1 1000
0 136 0 138
0 620 0 88
1 1000
0 144 0 218
0 523 0 937
1 1000
0 202 0 260
0 960 0 409
1 1000
0 808 0 190
0 668 0 621
1 1000
0 142 0 17
0 541 0 943
1 1000
0 332 0 385
0 925 0 976
1 1000
0 520 0 764
0 833 0 410
1 1000
0 847 0 378
0 811 0 822
1 1000
0 313 0 923
0 326 0 749
1 1000
0 603 0 223
0 511 0 971
1 1000
0 869 0 666
0 247 0 316
1 1000
0 745 0 245
0 384 0 187
1 1000
0 746 0 17
0 380 0 228
1 1000
0 965 0 481
0 975 0 684
1 1000
0 212 0 83
0 102 0 539
1 1000
0 715 0 361
0 464 0 150
1 1000
0 968 0 251
0 93 0 921
1 1000
0 311 0 30
0 237 0 660
1 1000
0 754 0 606
0 786 0 337
1 1000
0 938 0 766
0 61 0 99
1 1000
0 92 0 158
0 804 0 391
1 1000
0 39 0 771
0 581 0 106
1 1000
0 228 0 410
0 280 0 820
1 1000
0 669 0 911
0 912 0 126
1 1000
0 547 0 722
0 483 0 838
1 1000
0 461 0 578
0 39 0 976
1 1000
0 451 0 814
0 685 0 241
1 1000
0 781 0 129
0 999 0 840
1 1000
0 305 0 141
0 779 0 297
1 1000
0 262 0 438
0 883 0 665
1 1000
0 696 0 494
0 510 0 188
1 1000
0 829 0 600
0 430 0 341
1 1000
0 432 0 899
0 516 0 159
1 1000
0 312 0 316
0 681 0 611
1 1000
0 275 0 762
0 338 0 25
1 1000
0 408 0 629
0 115 0 338
1 1000
0 928 0 768
0 282 0 230
1 1000
0 118 0 980
0 934 0 680
1 1000
0 432 0 440
0 700 0 941
1 1000
0 311 0 169
0 558 0 94
1 1000
0 917 0 160
0 298 0 464
1 1000
0 211 0 547
0 619 0 168
1 1000
0 899 0 875
0 169 0 535
1 1000
0 758 0 318
0 849 0 138
1 1000
0 346 0 360
0 144 0 836
1 1000
0 906 0 612
0 640 0 670
1 1000
0 564 0 94
0 966 0 437
1 1000
0 264 0 570
0 349 0 542
1 1000
0 570 0 359
0 496 0 796
1 1000
0 392 0 401
0 842 0 96
1 1000
0 344 0 892
0 544 0 731
1 1000
0 932 0 925
0 733 0 173
1 1000
0 537 0 136
0 506 0 386
1 1000
0 655 0 237
0 249 0 972
1 1000
0 412 0 857
0 435 0 702
1 1000
0 989 0 474
0 935 0 101
1 1000
0 611 0 828
0 655 0 362
