1000
1000 1000
214 131 214 490
675 778 779 778
1000 1000
43 113 43 755
816 312 302 312
1000 1000
453 536 453 977
616 985 361 985
1000 1000
301 186 301 866
168 196 318 196
1000 1000
175 819 175 774
145 180 487 180
1000 1000
633 488 633 334
83 909 967 909
1000 1000
180 674 180 138
480 834 850 834
1000 1000
572 496 572 947
887 522 950 522
1000 1000
829 375 829 444
636 100 775 100
1000 1000
842 395 842 144
883 42 760 42
1000 1000
588 727 588 720
841 676 908 676
1000 1000
524 255 524 731
888 879 148 879
1000 1000
836 923 836 808
775 577 347 577
1000 1000
90 376 90 768
219 359 798 359
1000 1000
195 447 195 495
419 33 16 33
1000 1000
588 372 588 881
21 832 136 832
1000 1000
230 660 230 588
281 921 314 921
1000 1000
684 278 684 90
712 814 29 814
1000 1000
746 193 746 926
153 674 315 674
1000 1000
16 379 16 913
138 842 848 842
1000 1000
683 660 683 314
484 917 255 917
1000 1000
832 820 832 377
307 242 730 242
1000 1000
321 270 321 160
464 688 314 688
1000 1000
845 192 845 587
585 83 687 83
1000 1000
11 27 11 419
447 724 888 724
1000 1000
636 945 636 133
554 268 968 268
1000 1000
964 987 964 342
306 874 591 874
1000 1000
592 394 592 372
465 358 480 358
1000 1000
13 306 13 387
242 715 508 715
1000 1000
298 9 298 910
877 805 553 805
1000 1000
59 240 59 584
47 972 938 972
1000 1000
436 680 436 405
720 323 226 323
1000 1000
596 636 596 217
618 642 881 642
1000 1000
152 313 152 537
42 181 948 181
1000 1000
601 740 601 169
441 443 184 443
1000 1000
26 358 26 773
448 351 50 351
1000 1000
429 1 429 944
205 975 709 975
1000 1000
579 808 579 61
729 703 685 703
1000 1000
970 928 970 929
245 90 492 90
1000 1000
642 953 642 430
202 423 105 423
1000 1000
975 962 975 398
24 960 93 960
1000 1000
909 21 909 317
70 612 728 612
1000 1000
958 68 958 29
683 115 491 115
1000 1000
592 11 592 944
285 474 964 474
1000 1000
774 461 774 45
654 913 949 913
1000 1000
120 76 120 98
319 230 434 230
1000 1000
401 376 401 748
95 743 444 743
1000 1000
836 36 836 966
960 19 184 19
1000 1000
892 196 892 940
156 74 630 74
1000 1000
800 117 800 10
415 712 306 712
1000 1000
218 312 218 460
829 588 960 588
1000 1000
97 851 97 134
352 226 909 226
1000 1000
803 563 803 724
810 930 658 930
1000 1000
921 375 921 45
292 357 576 357
1000 1000
278 348 278 604
673 382 807 382
1000 1000
958 610 958 478
544 705 802 705
1000 1000
257 17 257 216
387 200 511 200
1000 1000
561 323 561 426
557 597 364 597
1000 1000
18 401 18 706
995 124 379 124
1000 1000
769 922 769 954
661 834 685 834
1000 1000
197 818 197 155
707 140 683 140
1000 1000
368 660 368 688
544 823 937 823
1000 1000
77 899 77 720
307 552 825 552
1000 1000
313 885 313 544
248 823 9 823
1000 1000
404 115 404 194
183 884 592 884
1000 1000
355 587 355 684
352 481 900 481
1000 1000
209 15 209 716
601 201 799 201
1000 1000
703 312 703 561
935 932 63 932
1000 1000
579 260 579 238
414 776 555 776
1000 1000
458 229 458 693
326 169 919 169
1000 1000
592 447 592 968
133 121 231 121
1000 1000
410 486 410 409
675 162 680 162
1000 1000
441 38 441 616
620 71 855 71
1000 1000
641 917 641 748
640 575 762 575
1000 1000
995 430 995 788
90 485 190 485
1000 1000
252 493 252 245
934 428 208 428
1000 1000
125 669 125 188
273 361 780 361
1000 1000
157 962 157 786
103 727 668 727
1000 1000
528 692 528 270
156 191 723 191
1000 1000
901 924 901 977
11 642 40 642
1000 1000
857 934 857 321
257 172 710 172
1000 1000
21 961 21 818
816 99 180 99
1000 1000
530 673 530 105
106 712 889 712
1000 1000
466 786 466 540
698 132 500 132
1000 1000
695 622 695 222
756 209 84 209
1000 1000
306 514 306 555
245 702 221 702
1000 1000
696 175 696 739
276 520 325 520
1000 1000
135 749 135 885
181 133 689 133
1000 1000
510 810 510 378
495 193 382 193
1000 1000
358 674 358 7
459 147 987 147
1000 1000
271 579 271 138
144 867 330 867
1000 1000
553 930 553 569
615 142 815 142
1000 1000
483 461 483 216
997 270 555 270
1000 1000
518 457 518 989
837 438 488 438
1000 1000
829 830 829 992
280 335 988 335
1000 1000
623 225 623 191
573 62 576 62
1000 1000
493 290 493 400
671 70 231 70
1000 1000
593 131 593 3
779 881 45 881
1000 1000
471 345 471 921
821 684 672 684
1000 1000
338 791 338 586
395 515 951 515
1000 1000
192 535 192 160
71 520 919 520
1000 1000
84 524 84 223
818 600 325 600
1000 1000
734 709 734 265
150 47 107 47
1000 1000
163 429 163 519
235 963 804 963
1000 1000
844 248 844 784
605 89 348 89
1000 1000
670 642 670 10
482 50 176 50
1000 1000
637 141 637 683
226 945 300 945
1000 1000
576 670 576 563
797 820 925 820
1000 1000
468 558 468 698
936 789 598 789
1000 1000
106 97 106 416
208 128 698 128
1000 1000
727 914 727 772
486 822 952 822
1000 1000
764 227 764 100
837 354 177 354
1000 1000
239 167 239 640
800 625 605 625
1000 1000
921 891 921 260
426 393 79 393
1000 1000
747 372 747 478
809 298 399 298
1000 1000
11 32 11 900
628 172 553 172
1000 1000
418 139 418 731
288 586 696 586
1000 1000
690 310 690 718
343 923 247 923
1000 1000
927 884 927 917
542 623 942 623
1000 1000
236 264 236 745
809 670 950 670
1000 1000
215 471 215 453
188 22 860 22
1000 1000
453 698 453 402
511 868 510 868
1000 1000
427 217 427 387
262 410 833 410
1000 1000
752 443 752 520
844 127 354 127
1000 1000
987 63 987 967
404 222 969 222
1000 1000
417 318 417 970
488 241 43 241
1000 1000
996 479 996 861
117 29 276 29
1000 1000
753 427 753 766
908 695 504 695
1000 1000
59 404 59 385
529 978 331 978
1000 1000
337 277 337 739
249 818 960 818
1000 1000
877 908 877 348
269 941 354 941
1000 1000
953 821 953 225
957 186 197 186
1000 1000
213 360 213 445
862 805 50 805
1000 1000
946 696 946 569
333 744 349 744
1000 1000
245 345 245 385
111 328 268 328
1000 1000
876 926 876 530
854 546 561 546
1000 1000
474 596 474 885
469 51 750 51
1000 1000
970 5 970 203
251 288 67 288
1000 1000
681 625 681 570
323 560 406 560
1000 1000
282 966 282 683
146 935 286 935
1000 1000
239 652 239 364
446 211 18 211
1000 1000
295 150 295 916
751 660 875 660
1000 1000
872 729 872 814
604 174 922 174
1000 1000
407 458 407 613
31 860 25 860
1000 1000
356 512 356 708
175 832 360 832
1000 1000
468 667 468 417
278 767 539 767
1000 1000
612 487 612 302
659 584 158 584
1000 1000
72 816 72 842
388 64 435 64
1000 1000
538 547 538 15
785 241 599 241
1000 1000
790 699 790 449
278 850 215 850
1000 1000
803 448 803 295
608 702 147 702
1000 1000
938 433 938 679
764 225 453 225
1000 1000
429 589 429 987
943 739 430 739
1000 1000
951 190 951 390
298 863 128 863
1000 1000
622 212 622 709
799 439 467 439
1000 1000
972 595 972 48
526 708 530 708
1000 1000
987 985 987 626
147 885 67 885
1000 1000
700 583 700 579
31 543 870 543
1000 1000
600 115 600 401
713 160 910 160
1000 1000
553 828 553 279
684 686 712 686
1000 1000
767 749 767 663
533 778 505 778
1000 1000
875 891 875 903
880 848 872 848
1000 1000
223 509 223 524
939 917 924 917
1000 1000
841 434 841 979
885 87 579 87
1000 1000
634 157 634 652
887 202 325 202
1000 1000
371 525 371 674
133 807 234 807
1000 1000
565 695 565 892
516 539 621 539
1000 1000
124 50 124 57
655 294 535 294
1000 1000
516 811 516 695
625 14 1 14
1000 1000
534 333 534 47
660 642 613 642
1000 1000
114 673 114 559
245 996 636 996
1000 1000
571 259 571 343
654 558 574 558
1000 1000
242 915 242 169
106 539 178 539
1000 1000
998 915 998 587
158 75 177 75
1000 1000
986 241 986 95
382 366 555 366
1000 1000
621 131 621 930
833 564 624 564
1000 1000
843 696 843 979
665 274 705 274
1000 1000
851 64 851 306
951 382 306 382
1000 1000
301 403 301 296
471 538 61 538
1000 1000
85 231 85 247
605 13 373 13
1000 1000
25 216 25 417
199 372 71 372
1000 1000
125 60 125 494
128 475 17 475
1000 1000
83 523 83 431
624 365 733 365
1000 1000
964 289 964 493
575 155 53 155
1000 1000
365 555 365 45
518 599 998 599
1000 1000
155 122 155 432
299 371 914 371
1000 1000
609 325 609 446
798 448 590 448
1000 1000
17 494 17 910
636 606 483 606
1000 1000
866 496 866 412
396 988 803 988
1000 1000
327 732 327 213
55 115 674 115
1000 1000
689 735 689 100
424 321 466 321
1000 1000
940 513 940 573
96 677 569 677
1000 1000
844 451 844 488
343 0 132 0
1000 1000
896 156 896 155
426 606 816 606
1000 1000
666 169 666 210
676 765 802 765
1000 1000
534 305 534 31
605 168 635 168
1000 1000
595 751 595 923
940 593 176 593
1000 1000
172 171 172 401
379 732 483 732
1000 1000
634 63 634 558
716 656 116 656
1000 1000
730 513 730 370
182 511 858 511
1000 1000
666 549 666 81
413 563 952 563
1000 1000
409 732 409 110
682 33 689 33
1000 1000
121 667 121 290
468 757 888 757
1000 1000
453 139 453 261
888 371 956 371
1000 1000
515 526 515 20
333 173 432 173
1000 1000
200 130 200 251
762 342 779 342
1000 1000
555 785 555 29
68 70 67 70
1000 1000
911 55 911 778
228 66 511 66
1000 1000
127 567 127 671
57 964 734 964
1000 1000
286 959 286 12
348 7 516 7
1000 1000
38 166 38 29
541 166 317 166
1000 1000
708 145 708 856
383 918 713 918
1000 1000
734 437 734 296
711 11 208 11
1000 1000
152 602 152 841
725 364 354 364
1000 1000
90 263 90 575
317 175 843 175
1000 1000
552 724 552 765
514 308 659 308
1000 1000
240 477 240 230
959 933 465 933
1000 1000
186 914 186 423
791 133 933 133
1000 1000
908 46 908 448
488 64 89 64
1000 1000
671 115 671 72
728 111 939 111
1000 1000
78 725 78 914
678 357 652 357
1000 1000
429 735 429 667
711 340 105 340
1000 1000
663 704 663 732
529 953 656 953
1000 1000
443 231 443 573
718 126 533 126
1000 1000
955 928 955 814
247 982 890 982
1000 1000
459 236 459 924
13 927 158 927
1000 1000
786 225 786 194
183 725 802 725
1000 1000
696 116 696 995
415 662 18 662
1000 1000
583 565 583 642
115 883 432 883
1000 1000
135 30 135 756
438 853 656 853
1000 1000
24 448 24 232
877 573 384 573
1000 1000
342 241 342 168
734 711 866 711
1000 1000
518 488 518 527
255 533 210 533
1000 1000
210 328 210 571
466 35 854 35
1000 1000
834 697 834 970
41 233 868 233
1000 1000
534 797 534 58
43 606 887 606
1000 1000
375 695 375 333
954 990 855 990
1000 1000
815 675 815 445
940 225 373 225
1000 1000
279 428 279 175
565 199 716 199
1000 1000
861 257 861 62
465 361 953 361
1000 1000
300 324 300 860
281 315 89 315
1000 1000
439 810 439 991
997 502 571 502
1000 1000
413 130 413 417
431 394 450 394
1000 1000
703 977 703 88
136 550 93 550
1000 1000
639 311 639 741
962 840 510 840
1000 1000
37 527 37 886
433 114 651 114
1000 1000
376 687 376 680
288 75 968 75
1000 1000
905 896 905 841
694 784 599 784
1000 1000
709 911 709 161
456 263 154 263
1000 1000
409 715 409 977
284 481 433 481
1000 1000
985 87 985 153
898 428 942 428
1000 1000
111 832 111 728
728 963 169 963
1000 1000
802 340 802 701
117 41 473 41
1000 1000
808 500 808 38
15 447 79 447
1000 1000
137 366 137 585
794 501 801 501
1000 1000
723 343 723 176
599 974 857 974
1000 1000
143 274 143 658
308 419 632 419
1000 1000
958 945 958 163
407 489 329 489
1000 1000
173 786 173 979
732 67 672 67
1000 1000
432 787 432 988
724 481 545 481
1000 1000
81 716 81 894
820 353 392 353
1000 1000
909 329 909 981
777 528 927 528
1000 1000
64 965 64 632
155 302 522 302
1000 1000
495 387 495 824
778 602 163 602
1000 1000
95 257 95 155
585 170 378 170
1000 1000
623 25 623 272
702 489 108 489
1000 1000
489 709 489 653
624 556 887 556
1000 1000
75 524 75 393
194 584 271 584
1000 1000
159 550 159 772
469 877 659 877
1000 1000
94 747 94 687
686 558 381 558
1000 1000
842 897 842 65
566 924 980 924
1000 1000
544 379 544 782
558 959 471 959
1000 1000
512 952 512 883
488 448 115 448
1000 1000
46 962 46 484
722 699 152 699
1000 1000
340 658 340 327
645 474 646 474
1000 1000
444 559 444 754
361 51 336 51
1000 1000
997 495 997 486
694 951 451 951
1000 1000
909 670 909 364
368 925 530 925
1000 1000
346 201 346 535
749 505 186 505
1000 1000
242 645 242 879
623 24 84 24
1000 1000
367 83 367 369
695 567 525 567
1000 1000
629 719 629 398
513 571 572 571
1000 1000
218 836 218 359
249 245 573 245
1000 1000
512 125 512 675
199 810 514 810
1000 1000
430 748 430 434
349 113 694 113
1000 1000
163 256 163 781
820 773 415 773
1000 1000
380 251 380 210
497 771 336 771
1000 1000
529 483 529 777
703 37 980 37
1000 1000
436 460 436 616
754 31 620 31
1000 1000
843 746 843 126
604 271 449 271
1000 1000
547 322 547 525
302 948 775 948
1000 1000
823 266 823 909
771 354 856 354
1000 1000
917 836 917 28
951 394 691 394
1000 1000
811 252 811 601
242 488 530 488
1000 1000
33 740 33 882
277 771 753 771
1000 1000
45 78 45 740
991 111 829 111
1000 1000
818 354 818 351
957 392 935 392
1000 1000
690 287 690 948
300 839 673 839
1000 1000
108 756 108 457
847 920 456 920
1000 1000
773 342 773 440
763 168 972 168
1000 1000
282 308 282 10
240 348 894 348
1000 1000
646 838 646 580
956 277 712 277
1000 1000
915 656 915 374
386 49 608 49
1000 1000
377 983 377 746
914 429 14 429
1000 1000
308 645 308 719
715 723 384 723
1000 1000
660 709 660 125
473 87 139 87
1000 1000
307 950 307 880
129 488 696 488
1000 1000
491 920 491 368
808 529 503 529
1000 1000
466 300 466 219
239 813 886 813
1000 1000
73 393 73 166
913 117 122 117
1000 1000
582 121 582 653
830 852 671 852
1000 1000
376 292 376 893
26 527 490 527
1000 1000
35 304 35 141
707 58 36 58
1000 1000
587 186 587 166
648 176 501 176
1000 1000
577 883 577 50
751 490 628 490
1000 1000
733 18 733 355
192 452 920 452
1000 1000
451 411 451 655
551 887 533 887
1000 1000
768 420 768 681
677 712 658 712
1000 1000
408 271 408 303
712 340 572 340
1000 1000
538 580 538 477
317 428 743 428
1000 1000
504 176 504 469
213 580 471 580
1000 1000
175 464 175 297
974 180 882 180
1000 1000
241 76 241 536
340 282 928 282
1000 1000
327 736 327 960
798 971 584 971
1000 1000
332 497 332 538
617 969 555 969
1000 1000
823 495 823 828
848 662 232 662
1000 1000
448 419 448 552
281 285 400 285
1000 1000
167 273 167 130
576 230 311 230
1000 1000
611 400 611 899
288 582 307 582
1000 1000
169 623 169 883
801 447 274 447
1000 1000
5 236 5 585
133 462 869 462
1000 1000
433 657 433 485
468 692 905 692
1000 1000
468 428 468 24
266 263 473 263
1000 1000
685 234 685 991
579 650 2 650
1000 1000
888 245 888 643
582 226 99 226
1000 1000
257 92 257 201
222 974 961 974
1000 1000
698 638 698 707
67 428 251 428
1000 1000
578 211 578 582
861 744 176 744
1000 1000
409 708 409 649
614 576 377 576
1000 1000
851 709 851 839
338 113 43 113
1000 1000
855 43 855 547
159 66 813 66
1000 1000
529 741 529 762
466 742 545 742
1000 1000
258 455 258 647
150 85 128 85
1000 1000
484 424 484 955
253 108 759 108
1000 1000
177 30 177 406
489 717 874 717
1000 1000
386 600 386 274
788 598 525 598
1000 1000
200 917 200 358
276 375 835 375
1000 1000
949 48 949 867
558 43 211 43
1000 1000
681 357 681 477
994 65 720 65
1000 1000
206 558 206 449
449 597 283 597
1000 1000
135 378 135 724
780 813 218 813
1000 1000
310 388 310 473
399 965 995 965
1000 1000
165 85 165 941
608 865 282 865
1000 1000
950 758 950 959
844 262 394 262
1000 1000
437 186 437 179
338 904 823 904
1000 1000
213 654 213 932
843 75 145 75
1000 1000
781 329 781 442
603 771 550 771
1000 1000
431 990 431 396
201 592 855 592
1000 1000
488 759 488 217
846 949 575 949
1000 1000
129 579 129 806
593 201 774 201
1000 1000
71 449 71 202
925 196 914 196
1000 1000
295 78 295 95
250 308 494 308
1000 1000
101 113 101 831
549 70 339 70
1000 1000
493 851 493 84
688 123 296 123
1000 1000
336 758 336 41
677 688 591 688
1000 1000
983 298 983 344
835 869 991 869
1000 1000
160 941 160 387
741 975 267 975
1000 1000
402 900 402 836
648 326 982 326
1000 1000
248 219 248 176
239 298 127 298
1000 1000
46 349 46 837
969 815 514 815
1000 1000
511 681 511 410
108 659 794 659
1000 1000
151 917 151 125
603 351 463 351
1000 1000
979 760 979 489
512 890 540 890
1000 1000
383 215 383 53
36 36 933 36
1000 1000
697 107 697 415
199 549 123 549
1000 1000
762 176 762 626
985 571 552 571
1000 1000
549 773 549 42
340 439 298 439
1000 1000
739 327 739 47
712 9 711 9
1000 1000
851 115 851 482
713 26 528 26
1000 1000
440 436 440 398
69 526 348 526
1000 1000
6 256 6 288
294 619 313 619
1000 1000
395 764 395 703
169 861 479 861
1000 1000
944 168 944 367
282 396 52 396
1000 1000
921 72 921 610
972 395 968 395
1000 1000
211 856 211 70
156 245 224 245
1000 1000
377 665 377 148
536 749 66 749
1000 1000
896 888 896 145
218 518 805 518
1000 1000
903 755 903 176
312 400 698 400
1000 1000
62 160 62 840
859 938 652 938
1000 1000
726 106 726 718
425 793 972 793
1000 1000
812 174 812 580
348 336 317 336
1000 1000
712 32 712 781
605 634 353 634
1000 1000
820 608 820 150
349 297 980 297
1000 1000
467 71 467 353
725 323 421 323
1000 1000
15 568 15 409
643 856 937 856
1000 1000
625 161 625 165
527 212 31 212
1000 1000
122 296 122 154
619 545 388 545
1000 1000
990 701 990 515
805 796 725 796
1000 1000
586 525 586 212
441 935 453 935
1000 1000
881 259 881 495
839 575 383 575
1000 1000
464 918 464 371
644 811 246 811
1000 1000
313 886 313 312
14 370 673 370
1000 1000
601 379 601 683
204 205 638 205
1000 1000
394 725 394 326
429 798 224 798
1000 1000
34 830 34 657
675 60 881 60
1000 1000
976 429 976 500
664 984 423 984
1000 1000
235 861 235 914
27 81 247 81
1000 1000
630 953 630 358
739 226 386 226
1000 1000
331 16 331 671
569 191 350 191
1000 1000
870 21 870 24
391 721 638 721
1000 1000
504 730 504 190
186 665 294 665
1000 1000
801 943 801 397
664 680 18 680
1000 1000
613 302 613 659
850 93 880 93
1000 1000
709 796 709 181
927 348 930 348
1000 1000
227 186 227 256
39 641 606 641
1000 1000
357 996 357 666
888 773 565 773
1000 1000
287 108 287 169
88 828 23 828
1000 1000
187 732 187 648
13 568 499 568
1000 1000
429 489 429 799
6 294 191 294
1000 1000
553 945 553 339
176 790 839 790
1000 1000
701 875 701 767
481 19 936 19
1000 1000
561 22 561 136
434 953 885 953
1000 1000
996 141 996 419
339 405 676 405
1000 1000
158 62 158 677
678 872 714 872
1000 1000
337 235 337 639
85 616 619 616
1000 1000
661 279 661 562
513 884 658 884
1000 1000
786 824 786 621
200 158 715 158
1000 1000
741 977 741 597
305 733 994 733
1000 1000
134 117 134 429
150 67 64 67
1000 1000
827 933 827 137
456 380 72 380
1000 1000
442 453 442 322
192 847 191 847
1000 1000
708 812 708 838
759 562 435 562
1000 1000
129 996 129 526
920 596 675 596
1000 1000
442 554 442 698
25 83 374 83
1000 1000
315 339 315 81
448 673 672 673
1000 1000
893 241 893 117
152 481 297 481
1000 1000
465 448 465 676
793 839 12 839
1000 1000
101 831 101 229
598 532 27 532
1000 1000
332 708 332 611
631 407 412 407
1000 1000
128 432 128 705
922 424 711 424
1000 1000
236 51 236 715
530 763 642 763
1000 1000
985 738 985 690
483 900 257 900
1000 1000
141 907 141 56
880 745 372 745
1000 1000
827 931 827 135
285 374 901 374
1000 1000
109 210 109 227
259 823 501 823
1000 1000
194 725 194 676
138 283 483 283
1000 1000
365 237 365 783
932 56 892 56
1000 1000
392 959 392 217
83 729 666 729
1000 1000
984 786 984 972
661 175 134 175
1000 1000
273 291 273 768
967 15 281 15
1000 1000
245 491 245 167
519 540 738 540
1000 1000
998 272 998 434
690 165 530 165
1000 1000
127 342 127 751
297 315 692 315
1000 1000
34 908 34 677
832 502 575 502
1000 1000
10 966 10 274
352 296 750 296
1000 1000
95 609 95 561
903 623 490 623
1000 1000
266 860 266 20
25 680 425 680
1000 1000
685 763 685 970
823 461 813 461
1000 1000
822 620 822 106
128 741 257 741
1000 1000
706 613 706 55
85 805 633 805
1000 1000
810 942 810 718
112 597 610 597
1000 1000
907 976 907 126
946 525 477 525
1000 1000
790 637 790 474
731 374 893 374
1000 1000
665 529 665 349
814 190 597 190
1000 1000
878 363 878 372
590 383 989 383
1000 1000
292 337 292 957
317 941 890 941
1000 1000
421 929 421 722
761 729 860 729
1000 1000
39 147 39 15
892 762 339 762
1000 1000
618 335 618 689
309 298 241 298
1000 1000
209 537 209 728
602 65 757 65
1000 1000
415 438 415 995
398 947 640 947
1000 1000
152 296 152 494
412 690 803 690
1000 1000
928 253 928 190
940 230 529 230
1000 1000
451 281 451 567
417 53 910 53
1000 1000
532 284 532 35
304 38 934 38
1000 1000
317 371 317 277
581 511 197 511
1000 1000
608 996 608 3
201 837 376 837
1000 1000
904 329 904 914
714 253 669 253
1000 1000
389 709 389 17
496 72 841 72
1000 1000
674 687 674 122
630 630 481 630
1000 1000
738 845 738 828
948 204 667 204
1000 1000
398 56 398 72
43 480 658 480
1000 1000
434 331 434 119
879 218 243 218
1000 1000
816 70 816 379
892 684 430 684
1000 1000
308 283 308 101
300 417 471 417
1000 1000
611 965 611 379
293 303 611 303
1000 1000
763 626 763 318
455 817 330 817
1000 1000
346 243 346 223
429 473 706 473
1000 1000
250 32 250 634
838 723 608 723
1000 1000
311 637 311 843
890 197 830 197
1000 1000
526 687 526 89
905 245 935 245
1000 1000
5 117 5 345
859 6 711 6
1000 1000
813 749 813 205
927 139 396 139
1000 1000
715 444 715 911
546 961 224 961
1000 1000
35 440 35 478
857 128 534 128
1000 1000
819 62 819 347
148 818 962 818
1000 1000
400 430 400 585
629 674 802 674
1000 1000
723 806 723 638
952 864 213 864
1000 1000
294 4 294 840
712 654 987 654
1000 1000
840 475 840 482
309 532 413 532
1000 1000
450 142 450 888
60 419 518 419
1000 1000
38 512 38 720
769 693 410 693
1000 1000
639 60 639 325
305 337 227 337
1000 1000
981 890 981 65
961 550 714 550
1000 1000
21 380 21 301
246 435 805 435
1000 1000
429 447 429 810
244 898 739 898
1000 1000
936 923 936 146
280 114 476 114
1000 1000
229 265 229 238
575 740 101 740
1000 1000
14 872 14 738
232 994 402 994
1000 1000
873 473 873 872
985 68 993 68
1000 1000
178 728 178 931
96 633 107 633
1000 1000
202 898 202 859
225 757 681 757
1000 1000
455 244 455 603
664 720 123 720
1000 1000
541 74 541 830
190 867 493 867
1000 1000
969 292 969 368
384 962 665 962
1000 1000
50 246 50 488
57 763 415 763
1000 1000
968 49 968 647
225 65 462 65
1000 1000
188 462 188 751
757 350 80 350
1000 1000
759 728 759 731
246 162 668 162
1000 1000
419 843 419 335
925 148 822 148
1000 1000
88 619 88 672
684 214 286 214
1000 1000
578 73 578 210
129 772 340 772
1000 1000
411 784 411 312
83 283 548 283
1000 1000
557 449 557 322
643 630 874 630
1000 1000
804 320 804 611
248 263 227 263
1000 1000
846 999 846 764
60 983 338 983
1000 1000
435 415 435 516
376 138 652 138
1000 1000
123 650 123 67
83 994 789 994
1000 1000
583 39 583 504
914 706 419 706
1000 1000
593 801 593 865
364 243 817 243
1000 1000
417 143 417 798
333 116 358 116
1000 1000
439 757 439 1
831 801 154 801
1000 1000
472 639 472 143
680 395 473 395
1000 1000
342 753 342 728
780 366 381 366
1000 1000
637 528 637 105
210 539 128 539
1000 1000
287 736 287 564
410 381 552 381
1000 1000
979 111 979 639
756 294 576 294
1000 1000
970 262 970 994
387 288 656 288
1000 1000
161 900 161 305
267 501 544 501
1000 1000
491 109 491 33
941 613 404 613
1000 1000
26 696 26 464
921 652 282 652
1000 1000
710 710 710 975
756 478 829 478
1000 1000
552 68 552 155
798 307 720 307
1000 1000
400 494 400 232
188 643 251 643
1000 1000
447 128 447 881
608 408 922 408
1000 1000
952 977 952 599
921 11 181 11
1000 1000
99 685 99 909
527 859 666 859
1000 1000
860 408 860 65
575 520 260 520
1000 1000
301 715 301 957
72 403 0 403
1000 1000
702 28 702 147
613 953 817 953
1000 1000
402 924 402 854
763 344 686 344
1000 1000
177 821 177 995
817 396 309 396
1000 1000
640 988 640 993
302 577 566 577
1000 1000
733 716 733 981
877 284 54 284
1000 1000
919 118 919 664
329 808 764 808
1000 1000
32 867 32 34
90 362 264 362
1000 1000
342 69 342 377
722 361 928 361
1000 1000
940 76 940 554
666 590 252 590
1000 1000
443 242 443 14
78 747 866 747
1000 1000
350 595 350 74
540 685 509 685
1000 1000
467 225 467 866
402 127 950 127
1000 1000
12 247 12 258
61 557 0 557
1000 1000
562 233 562 268
81 360 16 360
1000 1000
105 542 105 511
196 971 224 971
1000 1000
772 741 772 33
367 333 192 333
1000 1000
472 168 472 229
260 914 780 914
1000 1000
150 8 150 0
911 728 511 728
1000 1000
451 43 451 370
496 618 946 618
1000 1000
801 544 801 293
376 701 7 701
1000 1000
608 893 608 591
629 887 370 887
1000 1000
109 431 109 603
859 561 302 561
1000 1000
684 20 684 77
748 637 882 637
1000 1000
18 902 18 662
960 668 44 668
1000 1000
743 389 743 688
178 260 718 260
1000 1000
978 458 978 106
617 795 629 795
1000 1000
492 862 492 954
411 831 25 831
1000 1000
788 120 788 772
461 210 331 210
1000 1000
121 640 121 650
471 954 290 954
1000 1000
100 443 100 176
721 824 308 824
1000 1000
498 270 498 466
991 101 677 101
1000 1000
320 941 320 900
760 60 694 60
1000 1000
899 487 899 224
515 997 486 997
1000 1000
720 44 720 590
687 465 475 465
1000 1000
883 985 883 763
279 565 715 565
1000 1000
20 768 20 271
733 339 570 339
1000 1000
536 763 536 29
243 186 666 186
1000 1000
895 447 895 736
246 570 602 570
1000 1000
286 493 286 942
537 674 21 674
1000 1000
163 899 163 812
868 742 916 742
1000 1000
752 159 752 687
25 64 730 64
1000 1000
642 245 642 673
240 180 861 180
1000 1000
370 640 370 254
664 875 95 875
1000 1000
959 120 959 932
908 152 820 152
1000 1000
962 689 962 534
494 336 686 336
1000 1000
422 813 422 637
780 860 830 860
1000 1000
384 893 384 842
417 562 245 562
1000 1000
496 938 496 584
418 218 357 218
1000 1000
432 194 432 352
854 577 804 577
1000 1000
642 333 642 308
517 171 649 171
1000 1000
783 763 783 903
298 879 810 879
1000 1000
46 690 46 574
668 320 927 320
1000 1000
564 354 564 785
586 971 844 971
1000 1000
425 148 425 734
994 14 281 14
1000 1000
795 362 795 62
509 452 371 452
1000 1000
167 224 167 798
32 35 989 35
1000 1000
977 445 977 720
191 912 433 912
1000 1000
951 608 951 954
901 337 972 337
1000 1000
152 502 152 618
181 517 168 517
1000 1000
500 272 500 894
59 94 763 94
1000 1000
470 410 470 204
499 945 580 945
1000 1000
469 880 469 967
937 212 408 212
1000 1000
73 754 73 264
208 46 173 46
1000 1000
496 648 496 317
493 370 344 370
1000 1000
571 720 571 102
870 705 417 705
1000 1000
549 289 549 9
322 143 643 143
1000 1000
406 176 406 302
739 792 504 792
1000 1000
583 426 583 234
599 848 760 848
1000 1000
49 321 49 262
414 83 312 83
1000 1000
277 334 277 962
792 860 264 860
1000 1000
585 913 585 144
390 521 270 521
1000 1000
709 672 709 182
816 162 123 162
1000 1000
159 159 159 28
203 500 371 500
1000 1000
557 754 557 522
669 868 306 868
1000 1000
336 179 336 444
214 767 762 767
1000 1000
164 274 164 465
587 220 179 220
1000 1000
625 990 625 257
773 816 531 816
1000 1000
565 292 565 135
52 52 926 52
1000 1000
712 870 712 351
742 695 550 695
1000 1000
986 445 986 236
7 646 697 646
1000 1000
854 907 854 898
400 5 624 5
1000 1000
918 671 918 912
110 270 732 270
1000 1000
437 196 437 72
840 999 531 999
1000 1000
612 357 612 629
697 570 97 570
1000 1000
179 522 179 626
26 211 267 211
1000 1000
345 725 345 966
319 638 667 638
1000 1000
855 776 855 735
37 684 38 684
1000 1000
396 438 396 328
225 84 580 84
1000 1000
425 122 425 737
20 192 497 192
1000 1000
483 324 483 788
634 249 982 249
1000 1000
146 471 146 246
743 508 560 508
1000 1000
270 653 270 844
414 83 280 83
1000 1000
722 323 722 375
899 164 14 164
1000 1000
927 824 927 556
406 648 577 648
1000 1000
573 346 573 780
331 30 587 30
1000 1000
71 275 71 357
689 274 769 274
1000 1000
199 949 199 180
817 23 644 23
1000 1000
388 207 388 433
610 306 945 306
1000 1000
766 621 766 999
376 33 818 33
1000 1000
396 437 396 991
434 344 850 344
1000 1000
984 106 984 421
297 132 226 132
1000 1000
931 688 931 768
451 441 502 441
1000 1000
739 375 739 803
191 561 957 561
1000 1000
294 84 294 738
966 355 782 355
1000 1000
833 605 833 733
848 300 390 300
1000 1000
393 86 393 745
805 479 804 479
1000 1000
799 609 799 241
680 584 868 584
1000 1000
143 711 143 294
651 847 91 847
1000 1000
603 836 603 821
711 495 836 495
1000 1000
927 82 927 893
953 867 519 867
1000 1000
125 625 125 821
174 17 351 17
1000 1000
549 942 549 429
268 121 974 121
1000 1000
885 521 885 463
338 243 130 243
1000 1000
885 455 885 320
427 599 655 599
1000 1000
778 145 778 604
283 755 351 755
1000 1000
853 180 853 756
392 501 57 501
1000 1000
825 312 825 915
239 650 682 650
1000 1000
706 668 706 475
642 430 738 430
1000 1000
823 149 823 556
45 57 477 57
1000 1000
45 470 45 797
137 707 434 707
1000 1000
239 946 239 166
275 957 663 957
1000 1000
596 583 596 703
711 207 779 207
1000 1000
150 817 150 947
64 525 836 525
1000 1000
161 974 161 1
756 101 267 101
1000 1000
984 634 984 31
395 531 234 531
1000 1000
266 466 266 979
199 272 748 272
1000 1000
511 817 511 344
823 354 418 354
1000 1000
175 697 175 270
35 501 655 501
1000 1000
575 71 575 426
784 818 299 818
1000 1000
22 828 22 784
185 896 907 896
1000 1000
783 319 783 652
188 381 73 381
1000 1000
795 603 795 572
430 772 932 772
1000 1000
308 451 308 795
445 674 410 674
1000 1000
681 456 681 251
127 977 401 977
1000 1000
162 186 162 31
962 996 217 996
1000 1000
277 452 277 880
261 674 59 674
1000 1000
468 678 468 544
750 364 872 364
1000 1000
764 625 764 817
152 309 992 309
1000 1000
127 603 127 51
541 785 886 785
1000 1000
513 933 513 188
985 74 34 74
1000 1000
121 717 121 246
217 209 106 209
1000 1000
650 36 650 424
618 730 825 730
1000 1000
89 556 89 830
833 307 437 307
1000 1000
462 409 462 382
712 784 886 784
1000 1000
263 337 263 978
860 292 281 292
1000 1000
865 843 865 240
755 19 638 19
1000 1000
607 406 607 198
428 710 427 710
1000 1000
959 130 959 4
960 191 716 191
1000 1000
33 251 33 867
992 477 103 477
1000 1000
630 678 630 237
195 725 494 725
1000 1000
117 940 117 54
211 706 798 706
1000 1000
115 579 115 512
977 849 459 849
1000 1000
278 925 278 90
697 123 965 123
1000 1000
722 105 722 707
528 705 499 705
1000 1000
260 360 260 317
897 361 414 361
1000 1000
153 295 153 709
980 279 913 279
1000 1000
718 545 718 289
289 732 871 732
1000 1000
532 328 532 390
918 150 322 150
1000 1000
824 942 824 499
984 964 830 964
1000 1000
639 405 639 311
536 785 919 785
1000 1000
99 879 99 512
700 326 274 326
1000 1000
382 778 382 811
763 391 508 391
1000 1000
81 954 81 88
155 529 324 529
1000 1000
92 801 92 396
199 361 16 361
1000 1000
923 630 923 248
610 359 179 359
1000 1000
542 697 542 562
724 60 649 60
1000 1000
205 730 205 694
796 316 459 316
1000 1000
51 345 51 532
193 917 110 917
1000 1000
843 512 843 554
84 785 682 785
1000 1000
401 0 401 233
258 131 267 131
1000 1000
30 19 30 403
695 887 313 887
1000 1000
113 647 113 131
116 222 171 222
1000 1000
275 908 275 207
41 384 565 384
1000 1000
298 471 298 483
570 473 980 473
1000 1000
232 390 232 199
906 371 216 371
1000 1000
322 683 322 65
319 524 638 524
1000 1000
566 186 566 736
305 205 792 205
1000 1000
149 740 149 203
850 296 492 296
1000 1000
352 430 352 15
581 457 59 457
1000 1000
181 602 181 766
199 442 113 442
1000 1000
677 811 677 402
191 146 752 146
1000 1000
671 415 671 234
265 916 132 916
1000 1000
899 367 899 871
996 901 595 901
1000 1000
781 266 781 49
443 763 739 763
1000 1000
222 68 222 223
308 154 637 154
1000 1000
914 328 914 35
985 792 395 792
1000 1000
381 53 381 118
727 78 151 78
1000 1000
654 205 654 388
398 326 614 326
1000 1000
211 691 211 450
445 10 924 10
1000 1000
530 304 530 164
309 855 635 855
1000 1000
766 331 766 373
556 645 954 645
1000 1000
87 831 87 762
783 324 762 324
1000 1000
816 784 816 346
351 729 512 729
1000 1000
40 235 40 566
952 386 659 386
1000 1000
38 869 38 426
754 235 382 235
1000 1000
647 422 647 932
841 360 781 360
1000 1000
698 451 698 412
356 924 764 924
1000 1000
308 291 308 305
100 225 953 225
1000 1000
742 192 742 958
519 318 782 318
1000 1000
563 154 563 456
919 922 77 922
1000 1000
703 619 703 570
676 513 237 513
1000 1000
200 430 200 923
960 702 426 702
1000 1000
819 716 819 182
75 508 755 508
1000 1000
30 346 30 730
487 541 315 541
1000 1000
865 600 865 640
903 530 166 530
1000 1000
460 120 460 158
351 405 891 405
1000 1000
203 24 203 618
517 507 766 507
1000 1000
851 267 851 13
140 350 424 350
1000 1000
2 759 2 686
824 692 333 692
1000 1000
281 750 281 727
453 208 253 208
1000 1000
76 48 76 181
480 951 532 951
1000 1000
817 356 817 525
185 355 935 355
1000 1000
798 339 798 802
561 745 693 745
1000 1000
449 451 449 991
432 421 819 421
1000 1000
382 174 382 330
842 823 293 823
1000 1000
292 304 292 173
642 864 698 864
1000 1000
584 105 584 413
770 682 673 682
1000 1000
745 950 745 108
175 898 604 898
1000 1000
16 911 16 161
20 654 42 654
1000 1000
521 453 521 128
444 63 990 63
1000 1000
348 419 348 617
907 141 474 141
1000 1000
449 112 449 921
332 260 698 260
1000 1000
396 308 396 487
696 70 533 70
1000 1000
307 632 307 434
359 220 421 220
1000 1000
486 330 486 762
294 341 854 341
1000 1000
357 284 357 238
471 481 942 481
1000 1000
187 436 187 724
915 39 155 39
1000 1000
236 840 236 792
886 611 316 611
1000 1000
418 651 418 393
917 835 273 835
1000 1000
296 924 296 292
311 217 672 217
1000 1000
549 429 549 451
646 410 991 410
1000 1000
708 130 708 398
86 343 636 343
1000 1000
236 173 236 655
953 786 55 786
1000 1000
688 599 688 529
736 257 411 257
1000 1000
882 467 882 582
434 621 687 621
1000 1000
153 493 153 329
400 970 179 970
1000 1000
663 578 663 215
545 943 912 943
1000 1000
692 560 692 24
432 476 173 476
1000 1000
80 278 80 118
535 996 489 996
1000 1000
334 755 334 128
352 392 442 392
1000 1000
39 306 39 721
220 815 484 815
1000 1000
3 799 3 578
108 60 621 60
1000 1000
630 206 630 222
733 228 898 228
1000 1000
582 163 582 804
460 510 806 510
1000 1000
264 340 264 648
370 250 281 250
1000 1000
302 401 302 124
92 576 703 576
1000 1000
255 171 255 607
974 883 781 883
1000 1000
470 400 470 815
939 820 256 820
1000 1000
654 796 654 478
550 913 991 913
1000 1000
418 446 418 576
76 157 162 157
1000 1000
785 276 785 353
881 303 715 303
1000 1000
446 242 446 751
994 619 274 619
1000 1000
730 466 730 344
342 211 610 211
1000 1000
812 668 812 213
300 603 594 603
1000 1000
105 26 105 608
195 659 28 659
1000 1000
168 736 168 250
327 408 623 408
1000 1000
145 399 145 680
191 723 277 723
1000 1000
870 758 870 386
993 390 951 390
1000 1000
921 731 921 777
987 876 756 876
1000 1000
377 711 377 178
222 924 562 924
1000 1000
538 112 538 824
735 827 879 827
1000 1000
805 639 805 277
308 357 444 357
1000 1000
100 672 100 775
317 794 86 794
1000 1000
260 813 260 364
969 637 712 637
1000 1000
307 168 307 818
652 513 522 513
1000 1000
908 0 908 53
507 772 302 772
1000 1000
970 642 970 645
173 514 252 514
1000 1000
122 244 122 282
711 578 853 578
1000 1000
806 499 806 824
708 223 877 223
1000 1000
703 520 703 397
105 37 189 37
1000 1000
162 606 162 105
832 733 552 733
1000 1000
89 573 89 70
469 548 567 548
1000 1000
450 719 450 969
418 403 228 403
1000 1000
847 697 847 49
170 967 239 967
1000 1000
975 748 975 565
734 62 8 62
1000 1000
484 477 484 685
658 920 260 920
1000 1000
95 382 95 215
396 287 384 287
1000 1000
457 116 457 387
964 972 621 972
1000 1000
243 950 243 64
182 831 264 831
1000 1000
416 819 416 20
860 386 281 386
1000 1000
141 111 141 258
929 119 676 119
1000 1000
766 595 766 872
915 992 360 992
1000 1000
642 243 642 419
769 153 668 153
1000 1000
714 462 714 579
540 666 834 666
1000 1000
790 64 790 919
249 386 206 386
1000 1000
553 630 553 537
911 145 515 145
1000 1000
271 122 271 41
173 423 813 423
1000 1000
999 811 999 159
523 727 662 727
1000 1000
680 769 680 85
808 448 454 448
1000 1000
957 605 957 118
322 321 841 321
1000 1000
92 702 92 574
904 332 253 332
1000 1000
665 791 665 866
887 357 63 357
1000 1000
448 318 448 345
308 593 871 593
1000 1000
17 739 17 398
847 281 316 281
1000 1000
699 581 699 202
751 234 972 234
1000 1000
102 686 102 933
181 991 494 991
1000 1000
504 990 504 922
292 400 771 400
1000 1000
648 832 648 895
936 673 569 673
1000 1000
294 681 294 276
422 512 725 512
1000 1000
420 685 420 694
409 559 159 559
1000 1000
97 644 97 852
696 843 232 843
1000 1000
355 56 355 313
427 823 689 823
1000 1000
553 367 553 760
947 710 183 710
1000 1000
126 27 126 849
291 962 446 962
1000 1000
195 499 195 400
869 713 62 713
1000 1000
874 891 874 284
293 839 887 839
1000 1000
711 197 711 86
536 921 811 921
1000 1000
277 422 277 164
902 500 385 500
1000 1000
57 262 57 499
155 482 796 482
1000 1000
528 373 528 459
16 956 543 956
1000 1000
765 416 765 121
561 108 325 108
1000 1000
293 211 293 101
720 182 905 182
1000 1000
451 227 451 444
391 547 781 547
1000 1000
526 512 526 461
898 537 783 537
1000 1000
955 860 955 728
860 438 471 438
1000 1000
862 125 862 904
760 195 115 195
1000 1000
433 236 433 183
804 546 836 546
1000 1000
389 396 389 518
488 990 579 990
1000 1000
829 865 829 595
330 360 835 360
1000 1000
943 218 943 575
910 426 700 426
1000 1000
106 471 106 182
35 738 196 738
1000 1000
845 900 845 859
500 640 180 640
1000 1000
945 440 945 118
571 102 645 102
1000 1000
828 704 828 340
589 50 757 50
1000 1000
749 845 749 853
73 841 729 841
1000 1000
730 294 730 883
872 624 635 624
1000 1000
324 248 324 385
75 395 793 395
1000 1000
889 22 889 557
167 808 195 808
1000 1000
528 984 528 439
294 695 579 695
1000 1000
4 904 4 925
344 151 994 151
1000 1000
687 617 687 53
401 721 774 721
1000 1000
757 24 757 220
259 624 790 624
1000 1000
206 512 206 863
740 380 723 380
1000 1000
743 809 743 909
615 810 822 810
1000 1000
720 768 720 853
592 8 902 8
1000 1000
453 586 453 62
540 978 1 978
1000 1000
321 570 321 553
880 262 763 262
1000 1000
318 916 318 113
115 505 488 505
1000 1000
777 494 777 644
207 949 325 949
1000 1000
821 900 821 496
1 322 469 322
1000 1000
774 504 774 305
650 411 403 411
1000 1000
993 230 993 842
533 550 572 550
1000 1000
33 981 33 672
727 742 132 742
1000 1000
374 947 374 121
834 802 373 802
1000 1000
686 247 686 384
392 641 554 641
1000 1000
620 674 620 635
730 865 280 865
1000 1000
126 424 126 847
877 990 447 990
1000 1000
532 627 532 186
458 940 681 940
1000 1000
889 91 889 127
235 182 806 182
1000 1000
509 703 509 200
621 201 969 201
1000 1000
409 573 409 71
27 8 532 8
1000 1000
601 535 601 113
895 22 739 22
1000 1000
294 20 294 350
462 296 370 296
1000 1000
358 409 358 554
929 41 536 41
1000 1000
196 565 196 840
106 316 98 316
1000 1000
10 205 10 75
678 121 369 121
1000 1000
474 673 474 723
72 66 497 66
1000 1000
284 131 284 420
751 573 361 573
1000 1000
230 121 230 132
536 916 874 916
1000 1000
946 434 946 667
530 630 378 630
1000 1000
491 980 491 43
189 847 139 847
1000 1000
441 148 441 571
671 827 452 827
1000 1000
227 743 227 681
471 653 611 653
1000 1000
399 858 399 23
71 594 576 594
1000 1000
894 757 894 725
661 720 671 720
1000 1000
341 91 341 746
263 554 782 554
1000 1000
309 816 309 535
298 989 500 989
1000 1000
643 413 643 789
328 793 307 793
1000 1000
619 663 619 627
359 847 940 847
1000 1000
919 98 919 495
944 208 284 208
1000 1000
764 893 764 689
547 505 729 505
1000 1000
430 959 430 171
841 973 496 973
1000 1000
945 338 945 676
712 141 755 141
1000 1000
734 136 734 56
433 102 357 102
1000 1000
608 674 608 519
986 920 135 920
1000 1000
746 975 746 332
210 359 87 359
1000 1000
837 602 837 723
200 913 75 913
1000 1000
257 673 257 449
600 186 625 186
1000 1000
454 528 454 987
926 183 818 183
1000 1000
947 656 947 787
331 990 591 990
1000 1000
341 28 341 146
718 836 775 836
1000 1000
826 453 826 516
398 45 993 45
1000 1000
225 263 225 607
550 890 996 890
1000 1000
743 607 743 394
984 306 249 306
1000 1000
204 305 204 834
770 792 165 792
1000 1000
26 153 26 779
310 328 19 328
1000 1000
574 140 574 666
659 456 801 456
1000 1000
20 114 20 747
622 143 631 143
1000 1000
775 172 775 441
747 655 662 655
1000 1000
39 398 39 499
489 443 869 443
1000 1000
578 175 578 621
101 29 354 29
1000 1000
821 45 821 988
199 575 63 575
1000 1000
956 836 956 560
759 451 62 451
1000 1000
14 921 14 56
143 429 21 429
1000 1000
953 172 953 760
640 330 973 330
1000 1000
274 266 274 780
624 188 670 188
1000 1000
157 188 157 151
462 484 688 484
1000 1000
770 611 770 185
587 156 572 156
1000 1000
440 733 440 22
293 24 764 24
1000 1000
195 658 195 365
482 527 624 527
1000 1000
850 987 850 73
945 322 151 322
1000 1000
872 990 872 717
797 956 536 956
1000 1000
828 350 828 451
199 385 355 385
1000 1000
859 189 859 88
876 152 832 152
1000 1000
173 297 173 478
304 720 157 720
1000 1000
573 174 573 59
735 883 153 883
1000 1000
372 963 372 659
5 210 788 210
1000 1000
915 625 915 164
188 227 412 227
1000 1000
931 429 931 106
132 46 900 46
1000 1000
99 837 99 248
65 38 850 38
1000 1000
848 779 848 674
2 413 441 413
1000 1000
349 862 349 202
988 526 270 526
1000 1000
94 374 94 717
1 189 907 189
1000 1000
693 602 693 533
359 716 564 716
1000 1000
322 977 322 743
15 786 917 786
1000 1000
401 373 401 618
483 515 884 515
1000 1000
674 876 674 181
939 721 201 721
1000 1000
193 685 193 124
608 105 327 105
1000 1000
448 960 448 988
597 984 506 984
1000 1000
219 150 219 780
115 764 301 764
1000 1000
495 230 495 199
740 220 823 220
1000 1000
908 720 908 442
204 750 121 750
1000 1000
609 609 609 667
910 228 538 228
1000 1000
948 603 948 503
108 697 963 697
1000 1000
622 677 622 205
45 286 40 286
1000 1000
967 898 967 570
271 554 772 554
1000 1000
954 842 954 701
802 998 400 998
1000 1000
242 142 242 546
110 427 336 427
1000 1000
335 255 335 0
632 409 609 409
1000 1000
286 14 286 354
58 949 19 949
1000 1000
169 50 169 513
510 531 12 531
1000 1000
833 163 833 94
516 492 244 492
1000 1000
612 250 612 550
46 866 776 866
1000 1000
381 759 381 658
281 127 706 127
1000 1000
881 643 881 521
798 55 240 55
1000 1000
418 998 418 884
447 554 588 554
1000 1000
186 474 186 830
367 871 687 871
1000 1000
753 36 753 848
633 384 895 384
1000 1000
413 59 413 45
757 898 836 898
1000 1000
148 566 148 646
821 442 258 442
1000 1000
116 349 116 757
774 699 957 699
1000 1000
95 906 95 867
42 717 686 717
1000 1000
584 297 584 877
98 582 845 582
1000 1000
192 894 192 134
53 935 645 935
1000 1000
432 684 432 103
885 878 932 878
1000 1000
437 473 437 822
363 230 629 230
1000 1000
568 249 568 182
558 789 976 789
1000 1000
594 759 594 928
367 491 869 491
1000 1000
955 425 955 410
778 422 462 422
1000 1000
841 28 841 68
548 374 610 374
1000 1000
143 236 143 387
545 778 976 778
