1000
1 1000
0 792 0 862
0 600 0 289
1 1000
0 325 0 440
0 687 0 538
1 1000
0 486 0 282
0 95 0 665
1 1000
0 793 0 595
0 392 0 3
1 1000
0 283 0 366
0 687 0 991
1 1000
0 185 0 725
0 312 0 333
1 1000
0 771 0 632
0 236 0 208
1 1000
0 396 0 435
0 105 0 523
1 1000
0 914 0 891
0 626 0 135
1 1000
0 233 0 42
0 541 0 638
1 1000
0 905 0 546
0 748 0 314
1 1000
0 848 0 650
0 710 0 730
1 1000
0 151 0 308
0 679 0 407
1 1000
0 519 0 141
0 133 0 460
1 1000
0 335 0 512
0 63 0 101
1 1000
0 207 0 252
0 498 0 999
1 1000
0 109 0 679
0 891 0 927
1 1000
0 352 0 446
0 478 0 64
1 1000
0 959 0 414
0 791 0 568
1 1000
0 847 0 372
0 632 0 943
1 1000
0 441 0 294
0 20 0 798
1 1000
0 370 0 264
0 700 0 570
1 1000
0 321 0 365
0 871 0 494
1 1000
0 112 0 158
0 19 0 127
1 1000
0 67 0 545
0 9 0 731
1 1000
0 665 0 963
0 215 0 612
1 1000
0 646 0 965
0 191 0 693
1 1000
0 673 0 10
0 209 0 924
1 1000
0 806 0 871
0 589 0 312
1 1000
0 507 0 188
0 36 0 45
1 1000
0 257 0 833
0 517 0 435
1 1000
0 129 0 990
0 724 0 656
1 1000
0 7 0 715
0 367 0 76
1 1000
0 201 0 751
0 864 0 875
1 1000
0 356 0 576
0 586 0 977
1 1000
0 787 0 755
0 513 0 649
1 1000
0 578 0 144
0 878 0 781
1 1000
0 802 0 600
0 618 0 797
1 1000
0 154 0 230
0 571 0 541
1 1000
0 772 0 551
0 159 0 638
1 1000
0 825 0 203
0 737 0 483
1 1000
0 213 0 315
0 486 0 640
1 1000
0 45 0 954
0 278 0 220
1 1000
0 361 0 894
0 997 0 720
1 1000
0 745 0 621
0 585 0 833
1 1000
0 466 0 547
0 15 0 773
1 1000
0 340 0 27
0 740 0 450
1 1000
0 481 0 702
0 716 0 319
1 1000
0 247 0 110
0 877 0 203
1 1000
0 764 0 943
0 856 0 858
1 1000
0 851 0 652
0 673 0 150
1 1000
0 918 0 980
0 294 0 765
1 1000
0 116 0 40
0 430 0 702
1 1000
0 931 0 780
0 598 0 351
1 1000
0 375 0 491
0 247 0 216
1 1000
0 286 0 549
0 57 0 325
1 1000
0 96 0 117
0 329 0 113
1 1000
0 727 0 943
0 899 0 693
1 1000
0 44 0 902
0 664 0 959
1 1000
0 559 0 859
0 791 0 946
1 1000
0 499 0 744
0 73 0 359
1 1000
0 684 0 106
0 867 0 976
1 1000
0 322 0 574
0 889 0 577
1 1000
0 327 0 264
0 927 0 237
1 1000
0 655 0 819
0 203 0 526
1 1000
0 905 0 664
0 568 0 357
1 1000
0 457 0 184
0 753 0 216
1 1000
0 888 0 71
0 666 0 487
1 1000
0 138 0 802
0 799 0 133
1 1000
0 634 0 740
0 280 0 19
1 1000
0 829 0 28
0 112 0 815
1 1000
0 501 0 386
0 237 0 881
1 1000
0 327 0 332
0 529 0 675
1 1000
0 964 0 636
0 810 0 383
1 1000
0 586 0 130
0 92 0 403
1 1000
0 165 0 424
0 116 0 545
1 1000
0 442 0 757
0 293 0 227
1 1000
0 640 0 678
0 309 0 862
1 1000
0 56 0 185
0 25 0 401
1 1000
0 139 0 413
0 596 0 989
1 1000
0 443 0 231
0 992 0 915
1 1000
0 764 0 63
0 55 0 106
1 1000
0 424 0 761
0 789 0 514
1 1000
0 685 0 328
0 473 0 778
1 1000
0 860 0 273
0 545 0 426
1 1000
0 773 0 618
0 78 0 165
1 1000
0 123 0 983
0 478 0 908
1 1000
0 973 0 626
0 888 0 757
1 1000
0 116 0 242
0 325 0 969
1 1000
0 591 0 960
0 941 0 107
1 1000
0 746 0 739
0 756 0 266
1 1000
0 943 0 841
0 218 0 62
1 1000
0 921 0 589
0 421 0 45
1 1000
0 418 0 286
0 143 0 245
1 1000
0 973 0 799
0 896 0 177
1 1000
0 924 0 114
0 204 0 953
1 1000
0 274 0 329
0 272 0 556
1 1000
0 986 0 150
0 557 0 331
1 1000
0 844 0 420
0 919 0 540
1 1000
0 760 0 768
0 326 0 47
1 1000
0 332 0 371
0 161 0 258
1 1000
0 114 0 118
0 578 0 319
1 1000
0 719 0 948
0 606 0 974
1 1000
0 643 0 274
0 293 0 870
1 1000
0 119 0 845
0 861 0 681
1 1000
0 17 0 779
0 555 0 467
1 1000
0 646 0 726
0 930 0 519
1 1000
0 565 0 525
0 783 0 536
1 1000
0 843 0 18
0 957 0 239
1 1000
0 445 0 568
0 33 0 11
1 1000
0 887 0 894
0 290 0 537
1 1000
0 60 0 6
0 199 0 355
1 1000
0 45 0 704
0 89 0 147
1 1000
0 857 0 543
0 125 0 387
1 1000
0 903 0 827
0 390 0 19
1 1000
0 276 0 814
0 520 0 134
1 1000
0 177 0 814
0 548 0 306
1 1000
0 147 0 692
0 558 0 292
1 1000
0 465 0 821
0 580 0 311
1 1000
0 893 0 643
0 235 0 586
1 1000
0 376 0 793
0 484 0 739
1 1000
0 36 0 64
0 589 0 169
1 1000
0 104 0 632
0 282 0 513
1 1000
0 206 0 926
0 620 0 510
1 1000
0 729 0 860
0 70 0 719
1 1000
0 497 0 86
0 896 0 407
1 1000
0 577 0 12
0 365 0 317
1 1000
0 11 0 264
0 562 0 231
1 1000
0 589 0 230
0 172 0 573
1 1000
0 252 0 773
0 158 0 596
1 1000
0 75 0 849
0 750 0 424
1 1000
0 491 0 994
0 269 0 247
1 1000
0 483 0 16
0 184 0 295
1 1000
0 666 0 537
0 624 0 609
1 1000
0 965 0 129
0 712 0 18
1 1000
0 983 0 738
0 497 0 971
1 1000
0 244 0 480
0 910 0 512
1 1000
0 541 0 550
0 291 0 544
1 1000
0 720 0 592
0 433 0 37
1 1000
0 133 0 819
0 185 0 61
1 1000
0 785 0 393
0 822 0 155
1 1000
0 528 0 708
0 452 0 357
1 1000
0 905 0 643
0 139 0 51
1 1000
0 127 0 222
0 918 0 795
1 1000
0 505 0 67
0 111 0 762
1 1000
0 685 0 194
0 877 0 299
1 1000
0 850 0 937
0 676 0 256
1 1000
0 251 0 202
0 539 0 974
1 1000
0 547 0 272
0 276 0 913
1 1000
0 855 0 981
0 176 0 966
1 1000
0 187 0 136
0 943 0 875
1 1000
0 610 0 615
0 676 0 896
1 1000
0 791 0 761
0 794 0 138
1 1000
0 629 0 918
0 198 0 2
1 1000
0 919 0 273
0 128 0 311
1 1000
0 669 0 162
0 907 0 228
1 1000
0 679 0 506
0 333 0 124
1 1000
0 585 0 185
0 788 0 198
1 1000
0 452 0 965
0 311 0 458
1 1000
0 124 0 980
0 786 0 438
1 1000
0 796 0 280
0 367 0 988
1 1000
0 487 0 49
0 154 0 817
1 1000
0 455 0 616
0 895 0 428
1 1000
0 463 0 804
0 564 0 502
1 1000
0 687 0 464
0 735 0 639
1 1000
0 981 0 755
0 521 0 765
1 1000
0 323 0 19
0 294 0 720
1 1000
0 290 0 854
0 762 0 600
1 1000
0 706 0 775
0 370 0 913
1 1000
0 376 0 74
0 424 0 307
1 1000
0 4 0 509
0 679 0 780
1 1000
0 957 0 468
0 84 0 99
1 1000
0 923 0 211
0 221 0 80
1 1000
0 215 0 934
0 263 0 96
1 1000
0 366 0 583
0 995 0 615
1 1000
0 974 0 810
0 462 0 319
1 1000
0 932 0 749
0 713 0 279
1 1000
0 891 0 264
0 24 0 37
1 1000
0 107 0 639
0 515 0 781
1 1000
0 302 0 985
0 429 0 857
1 1000
0 782 0 286
0 828 0 634
1 1000
0 837 0 929
0 792 0 664
1 1000
0 292 0 689
0 938 0 947
1 1000
0 110 0 65
0 495 0 14
1 1000
0 82 0 535
0 747 0 20
1 1000
0 204 0 238
0 456 0 384
1 1000
0 88 0 680
0 426 0 190
1 1000
0 6 0 177
0 295 0 423
1 1000
0 880 0 953
0 432 0 166
1 1000
0 972 0 948
0 415 0 666
1 1000
0 788 0 172
0 92 0 789
1 1000
0 32 0 887
0 949 0 982
1 1000
0 860 0 674
0 498 0 355
1 1000
0 260 0 897
0 657 0 325
1 1000
0 922 0 748
0 506 0 79
1 1000
0 108 0 704
0 385 0 474
1 1000
0 619 0 2
0 477 0 423
1 1000
0 778 0 616
0 895 0 47
1 1000
0 781 0 440
0 631 0 305
1 1000
0 710 0 352
0 739 0 704
1 1000
0 871 0 731
0 961 0 736
1 1000
0 801 0 449
0 455 0 28
1 1000
0 441 0 820
0 20 0 44
1 1000
0 881 0 836
0 13 0 726
1 1000
0 183 0 407
0 255 0 916
1 1000
0 63 0 281
0 8 0 502
1 1000
0 784 0 518
0 864 0 682
1 1000
0 729 0 448
0 295 0 394
1 1000
0 122 0 65
0 351 0 850
1 1000
0 209 0 257
0 501 0 647
1 1000
0 529 0 724
0 423 0 176
1 1000
0 561 0 406
0 326 0 874
1 1000
0 182 0 405
0 618 0 990
1 1000
0 833 0 671
0 500 0 672
1 1000
0 14 0 988
0 47 0 774
1 1000
0 632 0 806
0 39 0 962
1 1000
0 473 0 929
0 868 0 690
1 1000
0 911 0 922
0 704 0 463
1 1000
0 55 0 143
0 807 0 422
1 1000
0 209 0 535
0 333 0 686
1 1000
0 108 0 342
0 0 0 404
1 1000
0 70 0 715
0 414 0 420
1 1000
0 111 0 853
0 939 0 11
1 1000
0 811 0 947
0 602 0 468
1 1000
0 757 0 261
0 721 0 489
1 1000
0 594 0 984
0 957 0 860
1 1000
0 778 0 984
0 327 0 102
1 1000
0 431 0 151
0 145 0 941
1 1000
0 865 0 460
0 254 0 307
1 1000
0 803 0 972
0 64 0 133
1 1000
0 553 0 98
0 365 0 465
1 1000
0 413 0 121
0 882 0 217
1 1000
0 666 0 510
0 778 0 986
1 1000
0 332 0 577
0 261 0 495
1 1000
0 175 0 216
0 780 0 779
1 1000
0 717 0 820
0 249 0 63
1 1000
0 297 0 542
0 126 0 584
1 1000
0 602 0 40
0 490 0 985
1 1000
0 396 0 640
0 737 0 369
1 1000
0 864 0 516
0 945 0 684
1 1000
0 929 0 797
0 530 0 380
1 1000
0 831 0 577
0 983 0 624
1 1000
0 195 0 535
0 737 0 979
1 1000
0 262 0 183
0 461 0 699
1 1000
0 410 0 890
0 942 0 981
1 1000
0 739 0 478
0 265 0 832
1 1000
0 254 0 365
0 657 0 808
1 1000
0 556 0 431
0 729 0 240
1 1000
0 761 0 585
0 274 0 570
1 1000
0 830 0 547
0 243 0 697
1 1000
0 149 0 303
0 873 0 37
1 1000
0 670 0 378
0 545 0 357
1 1000
0 691 0 95
0 822 0 259
1 1000
0 204 0 713
0 655 0 892
1 1000
0 812 0 285
0 827 0 850
1 1000
0 642 0 679
0 221 0 914
1 1000
0 600 0 900
0 884 0 681
1 1000
0 768 0 164
0 461 0 709
1 1000
0 92 0 599
0 548 0 83
1 1000
0 260 0 880
0 844 0 63
1 1000
0 46 0 652
0 395 0 369
1 1000
0 673 0 886
0 945 0 741
1 1000
0 642 0 58
0 34 0 464
1 1000
0 457 0 798
0 485 0 578
1 1000
0 377 0 583
0 420 0 480
1 1000
0 23 0 510
0 11 0 591
1 1000
0 485 0 631
0 202 0 604
1 1000
0 959 0 153
0 247 0 705
1 1000
0 828 0 313
0 370 0 763
1 1000
0 272 0 789
0 762 0 205
1 1000
0 839 0 76
0 919 0 239
1 1000
0 878 0 224
0 815 0 94
1 1000
0 938 0 709
0 200 0 793
1 1000
0 640 0 433
0 966 0 196
1 1000
0 179 0 394
0 495 0 99
1 1000
0 335 0 425
0 572 0 723
1 1000
0 481 0 776
0 454 0 324
1 1000
0 518 0 537
0 864 0 961
1 1000
0 396 0 389
0 761 0 220
1 1000
0 599 0 98
0 830 0 113
1 1000
0 269 0 106
0 982 0 581
1 1000
0 186 0 39
0 631 0 861
1 1000
0 274 0 902
0 533 0 657
1 1000
0 413 0 958
0 927 0 590
1 1000
0 466 0 982
0 313 0 533
1 1000
0 285 0 311
0 541 0 879
1 1000
0 85 0 506
0 832 0 127
1 1000
0 434 0 351
0 587 0 590
1 1000
0 33 0 809
0 298 0 659
1 1000
0 803 0 543
0 509 0 883
1 1000
0 130 0 552
0 286 0 242
1 1000
0 373 0 334
0 625 0 306
1 1000
0 979 0 416
0 564 0 115
1 1000
0 973 0 756
0 652 0 589
1 1000
0 498 0 487
0 894 0 515
1 1000
0 673 0 659
0 211 0 896
1 1000
0 998 0 42
0 565 0 933
1 1000
0 452 0 79
0 255 0 68
1 1000
0 18 0 412
0 487 0 423
1 1000
0 598 0 36
0 608 0 308
1 1000
0 438 0 464
0 547 0 236
1 1000
0 400 0 889
0 701 0 781
1 1000
0 415 0 620
0 69 0 366
1 1000
0 844 0 660
0 531 0 175
1 1000
0 683 0 414
0 427 0 156
1 1000
0 676 0 737
0 360 0 314
1 1000
0 899 0 881
0 622 0 13
1 1000
0 745 0 992
0 998 0 224
1 1000
0 995 0 22
0 956 0 937
1 1000
0 285 0 329
0 13 0 990
1 1000
0 884 0 219
0 923 0 138
1 1000
0 137 0 40
0 539 0 275
1 1000
0 283 0 121
0 168 0 916
1 1000
0 144 0 981
0 165 0 67
1 1000
0 235 0 400
0 903 0 206
1 1000
0 875 0 754
0 771 0 968
1 1000
0 683 0 723
0 733 0 924
1 1000
0 349 0 986
0 688 0 827
1 1000
0 463 0 88
0 931 0 229
1 1000
0 603 0 588
0 571 0 588
1 1000
0 876 0 372
0 744 0 822
1 1000
0 456 0 173
0 871 0 578
1 1000
0 813 0 586
0 600 0 0
1 1000
0 490 0 561
0 951 0 300
1 1000
0 112 0 357
0 988 0 937
1 1000
0 803 0 492
0 710 0 303
1 1000
0 651 0 884
0 733 0 636
1 1000
0 936 0 129
0 663 0 546
1 1000
0 246 0 581
0 323 0 571
1 1000
0 417 0 958
0 81 0 824
1 1000
0 831 0 22
0 730 0 898
1 1000
0 467 0 184
0 366 0 496
1 1000
0 104 0 721
0 438 0 617
1 1000
0 909 0 501
0 9 0 809
1 1000
0 483 0 215
0 595 0 147
1 1000
0 822 0 194
0 663 0 564
1 1000
0 822 0 998
0 634 0 102
1 1000
0 800 0 844
0 396 0 900
1 1000
0 357 0 431
0 21 0 135
1 1000
0 221 0 713
0 593 0 435
1 1000
0 186 0 760
0 602 0 282
1 1000
0 801 0 970
0 440 0 247
1 1000
0 586 0 699
0 284 0 213
1 1000
0 996 0 854
0 463 0 32
1 1000
0 186 0 276
0 444 0 11
1 1000
0 579 0 744
0 177 0 854
1 1000
0 239 0 851
0 437 0 912
1 1000
0 926 0 307
0 816 0 952
1 1000
0 607 0 644
0 422 0 517
1 1000
0 58 0 847
0 669 0 117
1 1000
0 438 0 600
0 252 0 401
1 1000
0 497 0 496
0 175 0 865
1 1000
0 207 0 152
0 559 0 761
1 1000
0 855 0 801
0 12 0 223
1 1000
0 756 0 428
0 774 0 836
1 1000
0 834 0 790
0 881 0 721
1 1000
0 29 0 677
0 805 0 622
1 1000
0 47 0 680
0 351 0 337
1 1000
0 898 0 91
0 127 0 656
1 1000
0 29 0 414
0 774 0 13
1 1000
0 615 0 305
0 194 0 325
1 1000
0 639 0 565
0 390 0 631
1 1000
0 7 0 382
0 581 0 325
1 1000
0 245 0 680
0 565 0 39
1 1000
0 194 0 613
0 764 0 529
1 1000
0 661 0 601
0 410 0 710
1 1000
0 514 0 53
0 755 0 749
1 1000
0 402 0 942
0 974 0 838
1 1000
0 600 0 11
0 244 0 809
1 1000
0 993 0 923
0 450 0 959
1 1000
0 297 0 512
0 626 0 804
1 1000
0 485 0 765
0 815 0 563
1 1000
0 156 0 249
0 955 0 111
1 1000
0 825 0 668
0 719 0 112
1 1000
0 443 0 903
0 421 0 730
1 1000
0 198 0 853
0 276 0 263
1 1000
0 625 0 836
0 209 0 856
1 1000
0 625 0 391
0 478 0 748
1 1000
0 316 0 707
0 292 0 426
1 1000
0 990 0 777
0 902 0 621
1 1000
0 836 0 520
0 439 0 484
1 1000
0 547 0 211
0 197 0 710
1 1000
0 902 0 8
0 423 0 113
1 1000
0 684 0 165
0 201 0 73
1 1000
0 262 0 532
0 365 0 563
1 1000
0 848 0 917
0 775 0 146
1 1000
0 725 0 390
0 50 0 494
1 1000
0 476 0 901
0 682 0 96
1 1000
0 344 0 677
0 190 0 692
1 1000
0 886 0 973
0 763 0 208
1 1000
0 992 0 40
0 271 0 483
1 1000
0 81 0 363
0 944 0 872
1 1000
0 848 0 778
0 977 0 960
1 1000
0 928 0 840
0 748 0 143
1 1000
0 651 0 726
0 319 0 368
1 1000
0 82 0 606
0 940 0 822
1 1000
0 551 0 247
0 757 0 311
1 1000
0 439 0 248
0 42 0 931
1 1000
0 415 0 966
0 548 0 144
1 1000
0 364 0 323
0 297 0 938
1 1000
0 599 0 471
0 663 0 262
1 1000
0 334 0 928
0 534 0 81
1 1000
0 34 0 690
0 749 0 291
1 1000
0 724 0 400
0 79 0 184
1 1000
0 279 0 234
0 253 0 111
1 1000
0 44 0 792
0 850 0 686
1 1000
0 507 0 126
0 725 0 646
1 1000
0 877 0 158
0 328 0 724
1 1000
0 231 0 180
0 378 0 860
1 1000
0 532 0 904
0 498 0 93
1 1000
0 623 0 319
0 298 0 171
1 1000
0 151 0 660
0 541 0 96
1 1000
0 836 0 70
0 674 0 578
1 1000
0 137 0 859
0 938 0 936
1 1000
0 257 0 147
0 564 0 901
1 1000
0 506 0 750
0 777 0 756
1 1000
0 703 0 988
0 466 0 5
1 1000
0 240 0 333
0 653 0 880
1 1000
0 626 0 999
0 2 0 749
1 1000
0 313 0 48
0 257 0 158
1 1000
0 370 0 540
0 867 0 502
1 1000
0 818 0 898
0 820 0 918
1 1000
0 909 0 723
0 325 0 868
1 1000
0 770 0 437
0 75 0 910
1 1000
0 835 0 850
0 664 0 647
1 1000
0 290 0 614
0 967 0 312
1 1000
0 671 0 663
0 706 0 885
1 1000
0 755 0 101
0 422 0 832
1 1000
0 759 0 570
0 275 0 134
1 1000
0 657 0 207
0 994 0 298
1 1000
0 509 0 166
0 295 0 555
1 1000
0 594 0 326
0 95 0 135
1 1000
0 258 0 479
0 988 0 489
1 1000
0 573 0 835
0 817 0 510
1 1000
0 350 0 443
0 388 0 777
1 1000
0 179 0 12
0 938 0 798
1 1000
0 602 0 265
0 652 0 724
1 1000
0 425 0 841
0 280 0 901
1 1000
0 423 0 438
0 942 0 481
1 1000
0 741 0 824
0 404 0 384
1 1000
0 110 0 374
0 727 0 357
1 1000
0 680 0 240
0 339 0 140
1 1000
0 885 0 49
0 127 0 303
1 1000
0 64 0 749
0 692 0 887
1 1000
0 68 0 435
0 116 0 565
1 1000
0 867 0 949
0 374 0 174
1 1000
0 608 0 520
0 825 0 748
1 1000
0 246 0 772
0 238 0 594
1 1000
0 354 0 323
0 607 0 752
1 1000
0 212 0 933
0 551 0 735
1 1000
0 832 0 842
0 310 0 389
1 1000
0 995 0 334
0 339 0 138
1 1000
0 910 0 137
0 708 0 298
1 1000
0 597 0 268
0 887 0 31
1 1000
0 697 0 357
0 188 0 777
1 1000
0 702 0 41
0 751 0 363
1 1000
0 335 0 412
0 844 0 653
1 1000
0 845 0 67
0 742 0 550
1 1000
0 241 0 145
0 124 0 847
1 1000
0 612 0 821
0 461 0 166
1 1000
0 266 0 475
0 927 0 39
1 1000
0 249 0 385
0 205 0 657
1 1000
0 13 0 565
0 307 0 955
1 1000
0 450 0 420
0 520 0 696
1 1000
0 654 0 602
0 498 0 920
1 1000
0 39 0 252
0 69 0 719
1 1000
0 748 0 913
0 969 0 708
1 1000
0 484 0 243
0 26 0 676
1 1000
0 927 0 187
0 397 0 890
1 1000
0 595 0 460
0 180 0 49
1 1000
0 715 0 583
0 24 0 149
1 1000
0 665 0 88
0 87 0 865
1 1000
0 684 0 562
0 947 0 950
1 1000
0 453 0 216
0 649 0 358
1 1000
0 172 0 664
0 790 0 976
1 1000
0 68 0 169
0 217 0 236
1 1000
0 530 0 771
0 152 0 868
1 1000
0 45 0 188
0 266 0 604
1 1000
0 223 0 309
0 6 0 900
1 1000
0 594 0 48
0 56 0 530
1 1000
0 96 0 367
0 274 0 99
1 1000
0 918 0 265
0 950 0 716
1 1000
0 6 0 52
0 67 0 770
1 1000
0 74 0 237
0 952 0 353
1 1000
0 503 0 692
0 170 0 117
1 1000
0 950 0 391
0 517 0 945
1 1000
0 31 0 524
0 443 0 323
1 1000
0 262 0 560
0 33 0 210
1 1000
0 70 0 836
0 144 0 361
1 1000
0 247 0 155
0 693 0 989
1 1000
0 53 0 171
0 357 0 59
1 1000
0 215 0 233
0 781 0 117
1 1000
0 42 0 758
0 270 0 337
1 1000
0 236 0 319
0 205 0 18
1 1000
0 246 0 792
0 965 0 349
1 1000
0 991 0 894
0 543 0 94
1 1000
0 582 0 386
0 590 0 944
1 1000
0 145 0 273
0 43 0 833
1 1000
0 402 0 271
0 356 0 107
1 1000
0 993 0 474
0 262 0 851
1 1000
0 190 0 475
0 521 0 506
1 1000
0 34 0 785
0 648 0 593
1 1000
0 187 0 827
0 507 0 779
1 1000
0 840 0 632
0 988 0 38
1 1000
0 257 0 639
0 537 0 513
1 1000
0 455 0 171
0 839 0 621
1 1000
0 493 0 600
0 857 0 795
1 1000
0 822 0 857
0 465 0 614
1 1000
0 96 0 866
0 446 0 655
1 1000
0 481 0 230
0 513 0 135
1 1000
0 534 0 122
0 423 0 393
1 1000
0 84 0 615
0 226 0 270
1 1000
0 690 0 889
0 437 0 182
1 1000
0 851 0 464
0 102 0 739
1 1000
0 928 0 756
0 304 0 206
1 1000
0 628 0 747
0 209 0 18
1 1000
0 564 0 735
0 164 0 818
1 1000
0 859 0 576
0 289 0 791
1 1000
0 12 0 586
0 905 0 446
1 1000
0 411 0 94
0 439 0 176
1 1000
0 899 0 918
0 567 0 311
1 1000
0 8 0 66
0 190 0 370
1 1000
0 158 0 235
0 671 0 769
1 1000
0 400 0 22
0 543 0 207
1 1000
0 38 0 786
0 756 0 818
1 1000
0 549 0 781
0 104 0 174
1 1000
0 799 0 333
0 104 0 314
1 1000
0 81 0 404
0 92 0 176
1 1000
0 212 0 602
0 885 0 199
1 1000
0 20 0 948
0 92 0 499
1 1000
0 453 0 484
0 447 0 197
1 1000
0 186 0 867
0 828 0 739
1 1000
0 860 0 552
0 35 0 807
1 1000
0 345 0 266
0 251 0 215
1 1000
0 197 0 664
0 139 0 418
1 1000
0 431 0 20
0 856 0 621
1 1000
0 560 0 8
0 856 0 978
1 1000
0 813 0 8
0 496 0 529
1 1000
0 803 0 748
0 793 0 106
1 1000
0 879 0 295
0 434 0 878
1 1000
0 661 0 193
0 808 0 815
1 1000
0 275 0 146
0 121 0 666
1 1000
0 935 0 505
0 543 0 215
1 1000
0 5 0 333
0 501 0 758
1 1000
0 924 0 374
0 380 0 88
1 1000
0 617 0 879
0 284 0 435
1 1000
0 636 0 479
0 977 0 37
1 1000
0 66 0 396
0 541 0 278
1 1000
0 650 0 661
0 173 0 337
1 1000
0 103 0 875
0 866 0 416
1 1000
0 266 0 726
0 246 0 902
1 1000
0 343 0 243
0 614 0 35
1 1000
0 514 0 939
0 661 0 12
1 1000
0 300 0 374
0 717 0 330
1 1000
0 829 0 919
0 614 0 670
1 1000
0 975 0 221
0 448 0 612
1 1000
0 229 0 20
0 755 0 422
1 1000
0 197 0 814
0 37 0 920
1 1000
0 776 0 665
0 953 0 869
1 1000
0 548 0 829
0 175 0 33
1 1000
0 435 0 649
0 729 0 183
1 1000
0 645 0 671
0 894 0 419
1 1000
0 760 0 942
0 136 0 782
1 1000
0 320 0 648
0 123 0 866
1 1000
0 680 0 47
0 723 0 975
1 1000
0 867 0 886
0 908 0 694
1 1000
0 724 0 504
0 448 0 766
1 1000
0 387 0 221
0 203 0 614
1 1000
0 223 0 289
0 134 0 95
1 1000
0 745 0 520
0 933 0 159
1 1000
0 849 0 532
0 867 0 993
1 1000
0 245 0 746
0 970 0 480
1 1000
0 389 0 688
0 772 0 502
1 1000
0 528 0 457
0 326 0 881
1 1000
0 14 0 36
0 446 0 148
1 1000
0 814 0 937
0 878 0 819
1 1000
0 869 0 825
0 748 0 999
1 1000
0 855 0 793
0 308 0 472
1 1000
0 233 0 351
0 120 0 267
1 1000
0 413 0 14
0 921 0 161
1 1000
0 859 0 802
0 529 0 57
1 1000
0 356 0 635
0 892 0 939
1 1000
0 232 0 485
0 310 0 966
1 1000
0 445 0 447
0 329 0 911
1 1000
0 865 0 563
0 386 0 830
1 1000
0 790 0 67
0 383 0 678
1 1000
0 362 0 535
0 76 0 560
1 1000
0 899 0 927
0 356 0 535
1 1000
0 584 0 707
0 971 0 369
1 1000
0 95 0 476
0 740 0 242
1 1000
0 219 0 25
0 690 0 399
1 1000
0 103 0 716
0 232 0 579
1 1000
0 46 0 845
0 399 0 197
1 1000
0 818 0 126
0 325 0 119
1 1000
0 801 0 838
0 36 0 487
1 1000
0 889 0 658
0 41 0 996
1 1000
0 858 0 24
0 24 0 493
1 1000
0 384 0 426
0 992 0 757
1 1000
0 257 0 988
0 103 0 925
1 1000
0 308 0 924
0 426 0 642
1 1000
0 143 0 503
0 768 0 404
1 1000
0 128 0 6
0 788 0 139
1 1000
0 851 0 197
0 400 0 124
1 1000
0 70 0 323
0 847 0 917
1 1000
0 403 0 845
0 115 0 107
1 1000
0 618 0 742
0 145 0 482
1 1000
0 793 0 268
0 171 0 306
1 1000
0 965 0 300
0 716 0 264
1 1000
0 728 0 532
0 892 0 136
1 1000
0 742 0 133
0 161 0 563
1 1000
0 355 0 677
0 556 0 502
1 1000
0 423 0 473
0 578 0 10
1 1000
0 786 0 933
0 961 0 26
1 1000
0 202 0 169
0 66 0 357
1 1000
0 767 0 428
0 144 0 254
1 1000
0 702 0 252
0 580 0 470
1 1000
0 863 0 913
0 190 0 124
1 1000
0 267 0 416
0 818 0 482
1 1000
0 202 0 890
0 864 0 708
1 1000
0 264 0 316
0 1 0 271
1 1000
0 251 0 308
0 197 0 230
1 1000
0 603 0 631
0 97 0 620
1 1000
0 851 0 987
0 804 0 162
1 1000
0 865 0 441
0 709 0 480
1 1000
0 17 0 742
0 634 0 61
1 1000
0 935 0 462
0 142 0 902
1 1000
0 604 0 447
0 175 0 5
1 1000
0 154 0 490
0 306 0 929
1 1000
0 169 0 314
0 948 0 439
1 1000
0 985 0 245
0 594 0 566
1 1000
0 191 0 820
0 312 0 338
1 1000
0 466 0 746
0 161 0 563
1 1000
0 112 0 438
0 68 0 714
1 1000
0 200 0 11
0 334 0 618
1 1000
0 345 0 779
0 38 0 620
1 1000
0 882 0 202
0 547 0 417
1 1000
0 893 0 920
0 751 0 998
1 1000
0 827 0 583
0 788 0 195
1 1000
0 373 0 538
0 505 0 891
1 1000
0 850 0 552
0 4 0 161
1 1000
0 297 0 91
0 951 0 201
1 1000
0 241 0 869
0 483 0 466
1 1000
0 250 0 219
0 794 0 467
1 1000
0 723 0 818
0 200 0 525
1 1000
0 584 0 753
0 278 0 600
1 1000
0 6 0 403
0 647 0 605
1 1000
0 952 0 547
0 26 0 465
1 1000
0 358 0 719
0 678 0 920
1 1000
0 782 0 814
0 207 0 733
1 1000
0 937 0 607
0 491 0 979
1 1000
0 776 0 639
0 310 0 872
1 1000
0 960 0 845
0 576 0 916
1 1000
0 891 0 396
0 589 0 489
1 1000
0 126 0 696
0 706 0 312
1 1000
0 796 0 851
0 601 0 766
1 1000
0 316 0 860
0 497 0 74
1 1000
0 175 0 838
0 432 0 419
1 1000
0 44 0 789
0 30 0 999
1 1000
0 556 0 463
0 879 0 521
1 1000
0 55 0 94
0 129 0 930
1 1000
0 456 0 635
0 636 0 657
1 1000
0 301 0 949
0 456 0 53
1 1000
0 63 0 875
0 767 0 777
1 1000
0 367 0 496
0 183 0 58
1 1000
0 836 0 659
0 845 0 75
1 1000
0 599 0 678
0 410 0 36
1 1000
0 460 0 870
0 207 0 408
1 1000
0 756 0 148
0 496 0 171
1 1000
0 406 0 244
0 741 0 181
1 1000
0 874 0 842
0 615 0 631
1 1000
0 119 0 344
0 120 0 209
1 1000
0 104 0 330
0 562 0 51
1 1000
0 545 0 619
0 63 0 806
1 1000
0 913 0 655
0 804 0 920
1 1000
0 82 0 974
0 384 0 897
1 1000
0 269 0 509
0 8 0 833
1 1000
0 352 0 61
0 848 0 23
1 1000
0 440 0 596
0 292 0 652
1 1000
0 790 0 885
0 255 0 988
1 1000
0 116 0 711
0 121 0 900
1 1000
0 909 0 958
0 983 0 736
1 1000
0 982 0 7
0 55 0 226
1 1000
0 312 0 186
0 131 0 872
1 1000
0 146 0 558
0 662 0 939
1 1000
0 882 0 910
0 802 0 205
1 1000
0 516 0 609
0 501 0 988
1 1000
0 677 0 252
0 105 0 901
1 1000
0 887 0 257
0 213 0 344
1 1000
0 491 0 667
0 317 0 686
1 1000
0 466 0 390
0 734 0 775
1 1000
0 527 0 293
0 525 0 224
1 1000
0 746 0 549
0 622 0 164
1 1000
0 300 0 255
0 503 0 39
1 1000
0 549 0 714
0 409 0 252
1 1000
0 583 0 231
0 764 0 88
1 1000
0 61 0 106
0 898 0 481
1 1000
0 759 0 436
0 116 0 882
1 1000
0 515 0 130
0 511 0 552
1 1000
0 554 0 773
0 630 0 220
1 1000
0 371 0 88
0 869 0 59
1 1000
0 516 0 93
0 137 0 97
1 1000
0 584 0 272
0 311 0 212
1 1000
0 347 0 495
0 77 0 669
1 1000
0 481 0 526
0 91 0 265
1 1000
0 605 0 776
0 658 0 47
1 1000
0 914 0 279
0 290 0 294
1 1000
0 801 0 967
0 797 0 168
1 1000
0 906 0 482
0 374 0 361
1 1000
0 179 0 927
0 929 0 496
1 1000
0 504 0 731
0 705 0 823
1 1000
0 72 0 734
0 660 0 642
1 1000
0 536 0 593
0 490 0 83
1 1000
0 911 0 323
0 314 0 550
1 1000
0 357 0 316
0 776 0 109
1 1000
0 683 0 725
0 354 0 657
1 1000
0 554 0 138
0 225 0 766
1 1000
0 168 0 883
0 416 0 145
1 1000
0 869 0 934
0 563 0 812
1 1000
0 265 0 305
0 529 0 235
1 1000
0 309 0 551
0 176 0 717
1 1000
0 638 0 636
0 77 0 315
1 1000
0 720 0 171
0 656 0 949
1 1000
0 613 0 388
0 438 0 828
1 1000
0 536 0 892
0 208 0 81
1 1000
0 692 0 23
0 113 0 510
1 1000
0 900 0 628
0 532 0 499
1 1000
0 706 0 340
0 50 0 361
1 1000
0 44 0 290
0 737 0 812
1 1000
0 591 0 647
0 922 0 147
1 1000
0 91 0 424
0 633 0 381
1 1000
0 437 0 253
0 20 0 353
1 1000
0 187 0 83
0 14 0 438
1 1000
0 291 0 277
0 504 0 474
1 1000
0 927 0 937
0 558 0 833
1 1000
0 980 0 332
0 811 0 667
1 1000
0 883 0 871
0 190 0 729
1 1000
0 588 0 574
0 184 0 927
1 1000
0 132 0 128
0 63 0 961
1 1000
0 984 0 417
0 655 0 366
1 1000
0 150 0 452
0 112 0 282
1 1000
0 842 0 950
0 226 0 452
1 1000
0 955 0 83
0 465 0 311
1 1000
0 693 0 783
0 950 0 102
1 1000
0 420 0 753
0 886 0 506
1 1000
0 3 0 686
0 91 0 729
1 1000
0 383 0 337
0 609 0 372
1 1000
0 649 0 952
0 59 0 797
1 1000
0 473 0 436
0 243 0 240
1 1000
0 331 0 953
0 804 0 170
1 1000
0 190 0 204
0 876 0 528
1 1000
0 669 0 982
0 129 0 812
1 1000
0 814 0 182
0 244 0 542
1 1000
0 246 0 556
0 874 0 837
1 1000
0 259 0 108
0 432 0 732
1 1000
0 455 0 108
0 101 0 508
1 1000
0 648 0 607
0 854 0 708
1 1000
0 678 0 773
0 674 0 775
1 1000
0 466 0 759
0 546 0 453
1 1000
0 927 0 851
0 282 0 779
1 1000
0 572 0 635
0 416 0 77
1 1000
0 431 0 777
0 517 0 591
1 1000
0 691 0 648
0 986 0 317
1 1000
0 389 0 13
0 743 0 133
1 1000
0 315 0 445
0 16 0 953
1 1000
0 345 0 72
0 742 0 725
1 1000
0 953 0 651
0 468 0 625
1 1000
0 814 0 85
0 377 0 826
1 1000
0 172 0 170
0 11 0 320
1 1000
0 217 0 370
0 598 0 232
1 1000
0 718 0 201
0 346 0 791
1 1000
0 648 0 736
0 89 0 800
1 1000
0 794 0 491
0 342 0 511
1 1000
0 389 0 328
0 632 0 192
1 1000
0 503 0 215
0 248 0 984
1 1000
0 837 0 572
0 78 0 282
1 1000
0 712 0 947
0 178 0 732
1 1000
0 568 0 494
0 362 0 88
1 1000
0 313 0 399
0 691 0 840
1 1000
0 448 0 511
0 61 0 926
1 1000
0 919 0 311
0 721 0 247
1 1000
0 73 0 213
0 969 0 840
1 1000
0 970 0 275
0 781 0 140
1 1000
0 262 0 670
0 919 0 667
1 1000
0 482 0 259
0 231 0 199
1 1000
0 265 0 340
0 790 0 962
1 1000
0 60 0 664
0 836 0 984
1 1000
0 268 0 648
0 247 0 44
1 1000
0 460 0 97
0 871 0 909
1 1000
0 268 0 299
0 496 0 856
1 1000
0 303 0 545
0 786 0 789
1 1000
0 146 0 243
0 443 0 872
1 1000
0 512 0 682
0 585 0 281
1 1000
0 790 0 518
0 209 0 302
1 1000
0 340 0 435
0 820 0 622
1 1000
0 951 0 141
0 937 0 332
1 1000
0 313 0 273
0 906 0 477
1 1000
0 171 0 652
0 353 0 561
1 1000
0 906 0 575
0 520 0 149
1 1000
0 511 0 703
0 925 0 28
1 1000
0 535 0 678
0 706 0 441
1 1000
0 437 0 715
0 139 0 730
1 1000
0 231 0 878
0 737 0 236
1 1000
0 657 0 470
0 871 0 389
1 1000
0 536 0 94
0 960 0 594
1 1000
0 205 0 630
0 319 0 89
1 1000
0 152 0 576
0 545 0 639
1 1000
0 80 0 596
0 124 0 576
1 1000
0 210 0 201
0 620 0 341
1 1000
0 33 0 865
0 64 0 569
1 1000
0 193 0 595
0 54 0 919
1 1000
0 385 0 814
0 267 0 72
1 1000
0 962 0 344
0 749 0 983
1 1000
0 276 0 623
0 764 0 478
1 1000
0 597 0 191
0 944 0 984
1 1000
0 800 0 245
0 658 0 966
1 1000
0 995 0 394
0 612 0 668
1 1000
0 989 0 642
0 515 0 926
1 1000
0 253 0 301
0 483 0 642
1 1000
0 421 0 823
0 285 0 625
1 1000
0 365 0 56
0 650 0 350
1 1000
0 356 0 689
0 6 0 720
1 1000
0 288 0 648
0 346 0 776
1 1000
0 898 0 702
0 982 0 329
1 1000
0 522 0 151
0 415 0 366
1 1000
0 799 0 264
0 724 0 764
1 1000
0 266 0 38
0 241 0 715
1 1000
0 469 0 600
0 554 0 765
1 1000
0 173 0 847
0 836 0 760
1 1000
0 312 0 569
0 50 0 584
1 1000
0 677 0 352
0 860 0 201
1 1000
0 904 0 208
0 345 0 539
1 1000
0 534 0 447
0 621 0 113
1 1000
0 240 0 372
0 140 0 94
1 1000
0 590 0 626
0 137 0 764
1 1000
0 622 0 576
0 511 0 272
1 1000
0 137 0 507
0 873 0 570
1 1000
0 683 0 45
0 427 0 66
1 1000
0 423 0 356
0 46 0 89
1 1000
0 762 0 763
0 19 0 56
1 1000
0 473 0 695
0 834 0 746
1 1000
0 843 0 51
0 920 0 835
1 1000
0 237 0 903
0 56 0 250
1 1000
0 57 0 138
0 458 0 607
1 1000
0 814 0 825
0 797 0 876
1 1000
0 549 0 853
0 10 0 26
1 1000
0 682 0 643
0 706 0 680
1 1000
0 310 0 67
0 101 0 40
1 1000
0 618 0 357
0 536 0 366
1 1000
0 197 0 33
0 638 0 919
1 1000
0 68 0 352
0 855 0 555
1 1000
0 521 0 98
0 241 0 707
1 1000
0 953 0 968
0 647 0 798
1 1000
0 86 0 300
0 253 0 237
1 1000
0 851 0 798
0 673 0 425
1 1000
0 302 0 818
0 646 0 396
1 1000
0 834 0 389
0 555 0 291
1 1000
0 278 0 79
0 142 0 311
1 1000
0 815 0 241
0 207 0 54
1 1000
0 727 0 449
0 913 0 221
1 1000
0 16 0 400
0 222 0 484
1 1000
0 9 0 142
0 545 0 81
1 1000
0 808 0 576
0 26 0 452
1 1000
0 252 0 615
0 630 0 32
1 1000
0 641 0 267
0 399 0 610
1 1000
0 477 0 992
0 353 0 343
1 1000
0 481 0 845
0 810 0 462
1 1000
0 77 0 944
0 265 0 460
1 1000
0 574 0 556
0 67 0 188
1 1000
0 870 0 901
0 764 0 472
1 1000
0 693 0 258
0 792 0 389
1 1000
0 374 0 311
0 861 0 12
1 1000
0 809 0 178
0 145 0 908
1 1000
0 863 0 377
0 625 0 278
1 1000
0 663 0 482
0 462 0 432
1 1000
0 996 0 313
0 844 0 511
1 1000
0 662 0 881
0 969 0 268
1 1000
0 657 0 93
0 506 0 407
1 1000
0 212 0 414
0 667 0 6
1 1000
0 978 0 344
0 405 0 422
1 1000
0 890 0 435
0 864 0 34
1 1000
0 766 0 722
0 862 0 900
1 1000
0 310 0 513
0 707 0 796
1 1000
0 402 0 988
0 215 0 306
1 1000
0 245 0 322
0 375 0 566
1 1000
0 88 0 556
0 561 0 766
1 1000
0 628 0 344
0 716 0 658
1 1000
0 841 0 722
0 707 0 184
1 1000
0 18 0 982
0 124 0 635
1 1000
0 414 0 418
0 402 0 205
1 1000
0 94 0 909
0 558 0 794
1 1000
0 970 0 996
0 284 0 708
1 1000
0 665 0 523
0 757 0 56
1 1000
0 446 0 313
0 237 0 435
1 1000
0 484 0 667
0 436 0 359
1 1000
0 548 0 881
0 116 0 354
1 1000
0 458 0 491
0 858 0 597
1 1000
0 955 0 456
0 843 0 405
1 1000
0 840 0 212
0 242 0 104
1 1000
0 521 0 195
0 570 0 919
1 1000
0 754 0 998
0 893 0 279
1 1000
0 734 0 423
0 874 0 339
1 1000
0 704 0 924
0 302 0 971
1 1000
0 381 0 762
0 179 0 599
1 1000
0 940 0 393
0 530 0 316
1 1000
0 196 0 141
0 141 0 425
1 1000
0 641 0 951
0 362 0 201
1 1000
0 33 0 974
0 980 0 541
1 1000
0 45 0 933
0 521 0 787
1 1000
0 501 0 545
0 412 0 669
1 1000
0 575 0 65
0 877 0 703
1 1000
0 180 0 499
0 581 0 251
1 1000
0 845 0 960
0 213 0 454
1 1000
0 613 0 332
0 848 0 96
1 1000
0 936 0 942
0 408 0 579
1 1000
0 703 0 26
0 556 0 876
1 1000
0 581 0 128
0 988 0 653
1 1000
0 565 0 365
0 453 0 59
1 1000
0 720 0 896
0 41 0 179
1 1000
0 898 0 458
0 277 0 374
1 1000
0 580 0 492
0 209 0 948
1 1000
0 926 0 319
0 753 0 819
1 1000
0 960 0 748
0 210 0 518
1 1000
0 211 0 249
0 193 0 35
1 1000
0 378 0 327
0 873 0 360
1 1000
0 946 0 906
0 496 0 389
1 1000
0 682 0 980
0 425 0 755
1 1000
0 355 0 574
0 54 0 132
1 1000
0 161 0 475
0 634 0 976
1 1000
0 521 0 772
0 341 0 428
1 1000
0 433 0 446
0 639 0 548
1 1000
0 596 0 383
0 394 0 759
1 1000
0 560 0 296
0 649 0 215
1 1000
0 151 0 278
0 828 0 995
1 1000
0 813 0 90
0 698 0 201
1 1000
0 127 0 133
0 496 0 957
1 1000
0 492 0 525
0 745 0 765
1 1000
0 873 0 311
0 327 0 543
1 1000
0 891 0 941
0 649 0 144
1 1000
0 187 0 320
0 319 0 279
1 1000
0 59 0 527
0 946 0 251
1 1000
0 894 0 694
0 6 0 890
1 1000
0 36 0 601
0 547 0 873
1 1000
0 37 0 49
0 683 0 562
1 1000
0 140 0 0
0 481 0 744
1 1000
0 944 0 75
0 189 0 117
1 1000
0 702 0 42
0 839 0 756
1 1000
0 227 0 752
0 737 0 1
1 1000
0 48 0 912
0 464 0 635
1 1000
0 471 0 622
0 66 0 144
1 1000
0 441 0 419
0 578 0 584
1 1000
0 128 0 505
0 740 0 774
1 1000
0 311 0 246
0 247 0 541
1 1000
0 410 0 974
0 927 0 513
1 1000
0 151 0 720
0 737 0 365
1 1000
0 781 0 291
0 889 0 962
1 1000
0 354 0 334
0 593 0 890
1 1000
0 965 0 712
0 333 0 771
1 1000
0 105 0 426
0 526 0 337
1 1000
0 561 0 3
0 943 0 964
1 1000
0 534 0 810
0 188 0 492
1 1000
0 419 0 908
0 444 0 671
1 1000
0 113 0 733
0 784 0 748
1 1000
0 83 0 871
0 359 0 748
1 1000
0 39 0 42
0 301 0 931
1 1000
0 672 0 301
0 616 0 344
1 1000
0 171 0 219
0 83 0 764
1 1000
0 916 0 275
0 425 0 275
1 1000
0 182 0 218
0 940 0 164
1 1000
0 414 0 781
0 339 0 139
1 1000
0 281 0 275
0 364 0 402
1 1000
0 623 0 712
0 114 0 817
1 1000
0 941 0 273
0 647 0 33
1 1000
0 295 0 83
0 54 0 350
1 1000
0 189 0 944
0 357 0 396
1 1000
0 420 0 107
0 730 0 282
1 1000
0 795 0 850
0 170 0 981
1 1000
0 192 0 951
0 469 0 934
1 1000
0 641 0 14
0 313 0 272
1 1000
0 973 0 633
0 165 0 399
1 1000
0 37 0 967
0 884 0 970
1 1000
0 542 0 55
0 935 0 823
1 1000
0 761 0 21
0 760 0 646
1 1000
0 996 0 242
0 110 0 755
1 1000
0 947 0 260
0 576 0 408
1 1000
0 124 0 819
0 861 0 247
1 1000
0 289 0 315
0 471 0 750
1 1000
0 667 0 937
0 764 0 286
1 1000
0 468 0 82
0 933 0 296
1 1000
0 436 0 6
0 775 0 763
1 1000
0 646 0 785
0 204 0 637
1 1000
0 788 0 26
0 738 0 914
1 1000
0 258 0 134
0 68 0 712
1 1000
0 512 0 448
0 15 0 845
1 1000
0 633 0 116
0 203 0 518
1 1000
0 347 0 538
0 739 0 129
1 1000
0 436 0 885
0 501 0 166
1 1000
0 516 0 680
0 581 0 845
1 1000
0 173 0 91
0 672 0 279
1 1000
0 389 0 726
0 137 0 434
1 1000
0 161 0 916
0 840 0 362
