1000
500 500
58 34 24 473
79 60 240 423
500 500
335 352 188 353
161 230 397 100
500 500
61 87 489 415
350 192 199 84
500 500
349 202 18 10
201 249 130 436
500 500
479 228 176 100
201 437 198 291
500 500
167 266 387 75
30 214 75 2
500 500
352 152 127 327
367 234 329 118
500 500
200 376 424 453
216 390 369 314
500 500
314 354 417 303
77 290 296 382
500 500
476 102 82 284
247 489 79 159
500 500
223 62 188 273
470 139 396 212
500 500
284 347 206 124
329 310 127 391
500 500
294 325 445 122
144 5 108 259
500 500
474 165 374 333
132 124 232 168
500 500
443 271 373 350
252 236 272 83
500 500
218 467 222 14
139 119 44 88
500 500
21 290 397 347
129 217 39 374
500 500
113 2 158 492
239 463 100 311
500 500
281 220 426 322
417 171 458 400
500 500
468 121 66 409
354 380 25 315
500 500
318 90 119 64
315 21 60 490
500 500
202 235 432 234
470 281 460 87
500 500
222 5 216 459
294 294 277 365
500 500
321 431 120 473
311 155 215 183
500 500
156 393 203 202
456 166 200 325
500 500
22 188 442 87
107 197 338 98
500 500
154 308 198 190
327 466 304 485
500 500
485 335 14 349
97 40 199 245
500 500
5 89 75 366
288 379 420 30
500 500
72 223 353 379
293 342 293 445
500 500
129 122 165 492
341 53 172 20
500 500
411 46 443 5
352 406 440 403
500 500
269 490 170 458
302 136 410 203
500 500
345 358 23 57
359 249 42 62
500 500
234 492 497 495
218 9 320 252
500 500
390 9 460 268
230 367 166 290
500 500
79 32 55 423
129 458 360 436
500 500
61 361 18 29
429 71 242 77
500 500
24 371 35 283
373 476 111 280
500 500
328 207 72 493
248 34 27 138
500 500
456 216 144 289
186 209 234 185
500 500
110 352 226 268
180 149 324 294
500 500
335 499 64 391
207 111 237 83
500 500
4 92 263 185
343 26 499 346
500 500
263 56 129 191
51 9 6 354
500 500
218 299 10 362
202 479 356 177
500 500
292 195 291 479
64 137 227 389
500 500
275 340 449 246
94 441 72 242
500 500
3 39 147 494
321 255 197 384
500 500
447 445 412 135
369 266 10 88
500 500
495 338 269 203
5 250 123 246
500 500
488 147 330 322
386 85 159 170
500 500
194 148 240 295
116 490 164 187
500 500
243 242 397 452
93 484 44 186
500 500
394 112 389 98
89 156 156 30
500 500
156 103 420 389
497 387 496 275
500 500
481 99 388 155
490 59 83 102
500 500
460 219 118 395
182 332 111 317
500 500
416 44 165 75
159 86 86 98
500 500
274 47 336 196
499 472 280 101
500 500
358 18 241 86
84 267 358 376
500 500
440 430 30 386
297 27 261 157
500 500
29 286 213 82
161 227 177 105
500 500
94 134 482 314
1 251 139 73
500 500
349 242 161 274
181 121 394 404
500 500
389 286 209 204
451 352 362 386
500 500
292 258 441 116
38 422 136 473
500 500
133 277 193 1
44 314 197 101
500 500
417 69 390 199
328 117 305 179
500 500
372 347 435 146
279 98 116 256
500 500
263 369 118 190
25 498 248 472
500 500
175 164 200 42
394 255 206 186
500 500
120 2 429 354
460 262 266 291
500 500
370 432 42 365
51 174 62 448
500 500
288 344 5 339
489 308 207 281
500 500
327 452 204 61
147 486 81 437
500 500
207 236 194 86
468 408 233 414
500 500
399 66 186 311
472 101 367 170
500 500
201 223 417 13
249 151 182 374
500 500
318 496 216 80
261 144 138 219
500 500
120 274 325 205
352 180 95 481
500 500
209 403 73 306
86 418 31 52
500 500
142 95 323 165
132 228 204 244
500 500
366 444 294 361
234 157 290 352
500 500
290 139 287 494
350 132 295 96
500 500
56 221 254 96
184 305 422 104
500 500
314 337 288 461
452 8 120 181
500 500
400 176 432 101
414 420 372 117
500 500
9 239 441 186
227 208 372 2
500 500
487 494 422 42
474 76 79 412
500 500
302 74 279 11
334 174 3 72
500 500
389 178 432 472
120 64 244 131
500 500
446 127 208 80
186 388 211 94
500 500
378 212 409 462
280 193 134 13
500 500
431 61 354 217
354 449 144 93
500 500
67 247 35 133
474 408 487 352
500 500
261 6 261 368
385 344 107 499
500 500
304 472 21 126
189 50 468 135
500 500
453 390 107 116
303 37 140 409
500 500
353 490 314 143
334 345 60 2
500 500
231 188 278 20
354 293 34 277
500 500
260 333 364 421
204 182 448 364
500 500
345 133 494 213
88 16 74 57
500 500
19 114 400 283
202 196 15 411
500 500
380 20 243 68
259 276 60 248
500 500
298 470 351 16
280 93 172 33
500 500
199 323 497 86
237 41 400 280
500 500
206 388 181 417
274 433 406 455
500 500
167 96 214 64
107 265 465 284
500 500
152 112 91 430
270 308 201 98
500 500
104 68 49 193
278 56 168 295
500 500
394 394 346 444
358 189 264 418
500 500
347 79 439 230
216 40 186 315
500 500
357 245 143 274
453 109 301 59
500 500
188 147 233 297
81 186 491 160
500 500
428 136 400 376
331 495 174 98
500 500
490 401 491 432
296 328 429 450
500 500
393 272 374 470
342 387 116 439
500 500
267 72 205 25
251 201 367 420
500 500
494 468 186 7
422 462 253 239
500 500
225 114 416 185
398 185 411 310
500 500
149 395 325 5
465 150 295 393
500 500
304 406 0 1
440 351 2 465
500 500
462 370 236 428
460 474 261 359
500 500
53 450 446 155
159 29 105 165
500 500
192 327 242 137
445 86 270 310
500 500
363 8 237 188
180 79 366 479
500 500
68 227 264 427
145 358 3 136
500 500
254 142 98 107
309 202 457 202
500 500
368 260 214 354
202 123 438 265
500 500
4 433 64 240
395 380 457 418
500 500
91 369 468 434
313 467 165 262
500 500
257 427 159 155
171 443 451 243
500 500
241 149 6 459
469 136 363 326
500 500
475 351 73 91
25 405 147 113
500 500
498 477 246 23
44 85 208 41
500 500
150 107 155 340
129 311 258 306
500 500
21 151 311 32
325 245 23 66
500 500
323 47 191 452
359 371 416 400
500 500
80 93 269 196
235 371 11 240
500 500
298 438 132 483
268 119 392 494
500 500
127 432 334 420
250 321 315 433
500 500
392 62 65 123
368 53 143 209
500 500
436 407 304 45
481 268 111 171
500 500
450 431 154 289
217 312 53 6
500 500
67 272 414 29
476 99 51 317
500 500
114 233 250 156
88 112 67 365
500 500
264 142 176 279
316 100 303 233
500 500
303 100 176 177
300 303 109 297
500 500
250 450 373 315
252 366 80 464
500 500
301 42 324 466
206 376 131 244
500 500
189 361 145 333
114 352 461 132
500 500
165 315 472 422
235 22 347 236
500 500
82 440 350 381
289 163 14 373
500 500
304 363 326 6
486 423 191 487
500 500
347 252 177 41
444 389 62 157
500 500
456 21 430 166
62 85 370 238
500 500
261 249 84 248
342 11 199 28
500 500
416 470 398 93
6 77 31 52
500 500
313 296 398 284
315 305 8 60
500 500
418 164 336 229
454 309 483 284
500 500
267 299 425 352
468 465 24 438
500 500
304 404 182 272
463 222 186 305
500 500
409 316 296 94
421 150 432 95
500 500
387 105 484 298
432 311 119 97
500 500
159 385 194 317
259 339 427 434
500 500
103 28 338 373
357 130 274 63
500 500
345 362 422 95
472 248 331 88
500 500
379 28 450 471
221 313 288 53
500 500
200 247 460 3
273 10 313 467
500 500
217 461 319 128
24 107 102 417
500 500
84 420 233 17
304 230 146 211
500 500
387 417 47 173
220 144 146 384
500 500
349 47 463 348
147 394 220 300
500 500
48 58 67 417
273 472 183 87
500 500
175 164 185 21
197 300 141 451
500 500
258 392 362 147
10 308 420 381
500 500
293 476 393 72
125 11 327 66
500 500
62 27 179 301
329 403 207 457
500 500
238 113 441 447
485 72 258 291
500 500
45 201 196 473
333 109 414 191
500 500
394 404 39 471
377 492 496 403
500 500
50 227 457 357
212 233 161 291
500 500
431 280 482 479
372 483 236 411
500 500
148 216 462 8
75 117 99 295
500 500
441 394 442 62
126 470 157 245
500 500
419 351 478 468
486 68 44 322
500 500
177 8 367 320
78 440 1 442
500 500
12 473 353 469
294 288 194 53
500 500
55 321 160 23
18 331 447 358
500 500
432 466 466 293
179 269 378 280
500 500
306 120 136 272
324 22 144 321
500 500
173 420 365 239
246 330 198 454
500 500
475 92 432 175
13 171 377 21
500 500
463 242 148 239
218 455 466 141
500 500
432 135 232 324
431 434 345 266
500 500
250 406 3 170
182 351 278 259
500 500
92 139 116 235
301 131 3 466
500 500
332 122 438 174
41 279 171 191
500 500
123 200 448 108
61 193 428 229
500 500
371 201 178 400
104 214 285 338
500 500
483 495 483 36
340 423 276 437
500 500
383 213 374 202
53 3 463 423
500 500
15 82 254 323
29 231 335 282
500 500
151 248 343 162
285 68 112 416
500 500
476 2 259 50
63 219 352 395
500 500
136 159 179 132
485 479 465 128
500 500
154 0 176 475
209 215 306 442
500 500
118 77 374 452
197 9 78 351
500 500
303 459 463 3
233 336 29 449
500 500
133 119 238 303
262 317 103 201
500 500
41 404 213 385
491 94 1 259
500 500
140 308 139 421
294 249 393 118
500 500
214 47 446 65
304 144 196 339
500 500
449 258 170 12
59 188 303 366
500 500
68 59 46 498
480 98 197 160
500 500
50 447 189 94
310 364 311 149
500 500
366 222 97 495
355 74 462 326
500 500
169 73 263 388
147 77 269 226
500 500
153 17 7 83
84 231 174 23
500 500
51 101 410 336
93 59 317 20
500 500
432 136 27 449
495 185 371 273
500 500
344 136 414 232
197 3 90 454
500 500
166 327 96 104
130 427 294 314
500 500
367 155 458 242
423 119 311 121
500 500
221 87 105 108
31 415 369 105
500 500
307 303 410 140
10 403 144 121
500 500
45 157 470 331
499 133 339 7
500 500
376 496 274 494
396 98 464 466
500 500
189 18 329 494
301 279 306 157
500 500
147 316 481 318
456 243 363 378
500 500
144 25 328 374
306 265 60 291
500 500
119 206 145 217
39 318 217 377
500 500
146 119 364 263
286 339 75 176
500 500
219 447 2 193
217 61 468 444
500 500
250 369 149 235
9 304 362 204
500 500
421 464 71 287
226 388 76 319
500 500
63 392 492 417
209 340 101 254
500 500
155 34 256 165
112 379 243 406
500 500
86 30 416 481
201 232 468 188
500 500
385 164 471 58
105 13 455 339
500 500
110 170 416 127
270 374 297 199
500 500
460 43 229 95
279 150 113 79
500 500
459 254 499 381
348 325 408 428
500 500
33 280 287 96
63 40 133 425
500 500
352 345 449 341
465 92 92 219
500 500
162 194 466 307
110 8 224 46
500 500
133 226 144 411
247 82 477 128
500 500
309 488 491 270
357 15 218 235
500 500
269 277 131 399
447 172 270 335
500 500
364 83 257 175
211 418 326 446
500 500
424 354 27 449
328 77 413 426
500 500
194 47 71 446
422 41 281 197
500 500
187 264 271 147
319 394 494 283
500 500
303 86 187 109
187 97 361 405
500 500
128 184 168 394
39 379 494 144
500 500
221 304 325 459
396 344 168 19
500 500
212 16 269 264
106 184 187 47
500 500
423 29 144 247
254 238 403 117
500 500
204 218 370 299
208 219 373 395
500 500
191 458 301 120
80 223 207 279
500 500
37 429 427 130
220 446 318 105
500 500
100 305 410 450
0 127 167 209
500 500
416 464 12 199
467 364 484 452
500 500
343 443 296 368
247 191 9 30
500 500
104 181 469 173
33 65 225 126
500 500
194 102 131 358
382 146 57 78
500 500
145 24 201 410
231 369 191 162
500 500
221 467 322 209
358 109 405 300
500 500
146 132 28 354
134 460 32 312
500 500
186 457 365 400
210 91 230 328
500 500
181 262 310 148
265 74 78 425
500 500
430 270 183 490
29 14 158 343
500 500
376 318 391 210
278 36 117 223
500 500
326 278 333 221
402 101 99 4
500 500
138 472 412 427
246 374 383 168
500 500
276 442 283 428
267 232 382 171
500 500
275 468 188 8
356 341 436 158
500 500
335 411 147 104
51 3 88 185
500 500
472 254 358 129
49 244 95 320
500 500
141 413 113 238
487 86 335 81
500 500
102 443 44 200
32 299 213 298
500 500
398 493 447 78
411 149 165 96
500 500
469 80 33 41
266 149 341 418
500 500
258 354 101 387
241 417 50 155
500 500
153 445 242 54
93 228 271 481
500 500
382 254 466 366
23 323 192 30
500 500
363 42 318 218
384 346 283 371
500 500
371 270 201 450
109 89 225 222
500 500
39 436 357 131
368 11 327 450
500 500
371 2 442 441
220 42 488 228
500 500
304 347 374 405
60 279 43 219
500 500
337 374 354 170
471 387 165 37
500 500
371 217 15 425
77 41 21 360
500 500
411 201 211 190
236 356 365 14
500 500
72 105 262 233
464 404 77 171
500 500
494 50 181 81
296 459 301 327
500 500
287 377 354 137
11 258 183 418
500 500
483 50 57 445
483 274 65 2
500 500
383 31 113 15
415 161 71 80
500 500
407 440 405 315
430 275 453 217
500 500
222 421 438 379
246 80 446 472
500 500
257 442 291 242
466 105 358 23
500 500
376 26 484 400
189 291 95 38
500 500
140 454 380 161
311 103 370 388
500 500
390 490 130 462
281 195 275 323
500 500
309 212 280 56
257 88 49 117
500 500
59 253 21 31
26 316 72 179
500 500
195 483 294 170
160 344 32 232
500 500
469 487 297 382
283 297 271 219
500 500
273 207 80 497
386 202 256 148
500 500
66 453 140 175
439 358 285 421
500 500
325 37 340 260
345 133 35 467
500 500
218 188 487 473
460 164 84 49
500 500
323 197 9 451
283 300 236 251
500 500
358 355 485 51
449 393 191 222
500 500
13 356 67 328
454 437 39 484
500 500
449 372 97 140
316 33 402 147
500 500
4 311 102 488
39 91 449 11
500 500
106 281 331 95
341 101 104 238
500 500
237 409 127 19
34 225 267 271
500 500
311 228 254 419
42 267 240 277
500 500
384 42 93 316
254 383 64 145
500 500
487 483 19 495
192 7 48 126
500 500
56 7 427 468
194 425 121 32
500 500
395 361 428 209
261 433 466 268
500 500
207 366 42 422
285 180 330 360
500 500
143 223 177 207
28 460 321 479
500 500
424 12 309 100
300 366 234 290
500 500
32 484 49 472
86 398 105 162
500 500
329 471 51 393
168 324 27 481
500 500
109 269 32 182
431 62 388 183
500 500
232 405 268 257
196 227 367 10
500 500
366 263 390 449
17 194 121 477
500 500
432 285 341 218
66 199 258 105
500 500
403 402 104 153
473 358 106 151
500 500
350 365 397 304
17 235 201 401
500 500
228 164 339 273
331 7 16 423
500 500
141 178 270 30
293 88 409 15
500 500
335 158 183 312
65 202 458 398
500 500
387 406 398 445
83 136 363 126
500 500
331 472 449 355
2 310 96 297
500 500
258 113 462 279
27 437 361 73
500 500
49 21 492 48
240 179 107 327
500 500
478 328 449 273
430 117 296 457
500 500
489 467 462 141
359 250 83 375
500 500
32 94 152 252
132 322 482 392
500 500
176 8 480 413
24 34 499 408
500 500
117 75 11 78
211 156 302 180
500 500
137 216 372 383
377 53 59 235
500 500
252 7 207 234
422 396 481 109
500 500
267 139 104 217
446 345 63 468
500 500
74 200 232 363
191 72 226 85
500 500
375 447 293 177
254 354 430 5
500 500
193 234 202 189
481 216 282 252
500 500
350 215 59 447
371 77 194 457
500 500
368 330 460 80
442 70 389 386
500 500
454 39 479 483
191 8 150 192
500 500
108 147 109 195
245 331 448 103
500 500
349 416 339 491
321 62 295 130
500 500
6 398 123 245
2 44 94 10
500 500
146 45 116 284
256 31 481 125
500 500
303 244 189 6
274 467 93 246
500 500
396 203 415 84
468 292 249 268
500 500
97 150 485 223
48 182 373 11
500 500
116 397 468 468
21 143 172 486
500 500
234 124 318 262
482 423 208 234
500 500
423 2 135 471
187 300 94 403
500 500
119 401 186 403
479 9 385 123
500 500
406 256 314 19
161 402 299 393
500 500
299 253 473 413
363 426 425 259
500 500
263 10 458 459
153 254 262 221
500 500
38 441 49 105
351 372 263 474
500 500
194 16 135 63
344 240 340 363
500 500
168 287 132 48
176 26 394 269
500 500
288 228 266 281
283 342 262 362
500 500
417 217 377 22
51 435 125 426
500 500
480 468 1 87
311 491 298 451
500 500
445 362 272 202
275 23 26 79
500 500
352 418 395 33
307 277 361 127
500 500
262 52 355 259
253 207 34 62
500 500
45 296 59 186
323 166 384 236
500 500
54 315 109 316
494 440 143 485
500 500
105 73 79 462
375 377 31 338
500 500
489 357 427 238
430 286 316 155
500 500
429 165 99 445
492 137 259 86
500 500
370 458 332 451
431 275 443 166
500 500
437 192 188 123
242 9 404 102
500 500
237 273 230 414
280 217 275 27
500 500
328 121 307 164
396 338 154 216
500 500
54 295 443 85
401 13 11 179
500 500
165 254 162 80
457 456 399 33
500 500
293 442 397 254
210 61 480 38
500 500
214 154 65 440
357 373 38 120
500 500
288 234 312 243
342 448 24 218
500 500
241 241 438 48
309 135 448 272
500 500
236 214 225 356
405 375 188 471
500 500
349 137 56 37
52 468 498 243
500 500
223 50 102 327
362 157 78 366
500 500
70 62 124 251
330 181 80 414
500 500
343 71 299 157
371 242 355 225
500 500
249 259 277 50
105 146 446 446
500 500
205 90 246 21
429 441 35 68
500 500
385 307 98 82
358 78 343 324
500 500
181 330 102 337
324 87 169 466
500 500
0 479 385 475
201 99 350 392
500 500
100 329 307 248
435 193 241 345
500 500
161 307 52 74
51 256 81 132
500 500
205 107 197 157
153 77 401 94
500 500
400 296 156 412
350 260 395 330
500 500
31 336 10 355
110 82 4 141
500 500
427 214 493 158
32 161 110 268
500 500
375 137 225 373
263 260 296 28
500 500
421 311 253 118
33 82 154 260
500 500
464 211 245 314
57 259 317 496
500 500
256 295 164 235
391 121 455 233
500 500
471 408 78 25
357 303 344 15
500 500
345 66 334 102
137 144 55 244
500 500
46 272 167 335
143 200 291 76
500 500
268 294 459 22
184 423 388 449
500 500
410 263 119 177
39 168 407 371
500 500
264 128 156 223
247 99 474 394
500 500
374 485 230 110
168 342 352 365
500 500
323 179 392 251
36 304 481 204
500 500
253 458 43 150
206 234 444 355
500 500
100 404 448 436
317 469 218 141
500 500
411 163 107 164
203 108 496 305
500 500
210 107 164 306
303 181 460 419
500 500
172 332 250 14
72 393 331 131
500 500
285 132 272 279
69 442 375 439
500 500
293 44 53 236
436 414 190 410
500 500
309 110 170 112
140 160 330 476
500 500
137 328 175 436
371 11 281 218
500 500
219 191 373 422
368 282 185 198
500 500
290 415 329 151
30 372 282 24
500 500
401 74 208 49
194 245 207 50
500 500
364 334 473 420
161 400 140 90
500 500
223 241 147 93
335 467 95 289
500 500
16 439 374 486
427 258 273 186
500 500
177 261 69 171
382 111 299 84
500 500
74 114 404 498
493 496 234 378
500 500
112 195 371 227
166 91 119 67
500 500
461 263 146 358
423 28 213 219
500 500
360 377 232 206
405 263 306 37
500 500
449 85 291 336
236 303 380 452
500 500
55 437 492 434
329 306 218 81
500 500
349 424 291 64
238 333 438 56
500 500
250 489 0 331
4 443 184 287
500 500
325 384 134 168
388 229 479 109
500 500
193 25 324 3
28 386 44 91
500 500
413 24 180 199
234 394 197 295
500 500
68 76 89 470
84 198 431 246
500 500
54 203 284 155
217 124 115 321
500 500
36 379 459 96
363 381 306 449
500 500
27 109 485 133
194 90 212 58
500 500
213 459 35 281
383 182 374 258
500 500
434 102 327 400
302 174 317 135
500 500
194 5 396 107
465 454 387 460
500 500
80 393 291 497
296 131 458 352
500 500
137 46 299 36
121 183 80 65
500 500
318 287 434 364
383 78 458 478
500 500
204 255 211 394
277 498 343 266
500 500
186 472 273 86
350 96 391 494
500 500
11 309 143 340
86 91 449 366
500 500
69 136 464 237
198 181 15 102
500 500
310 455 390 496
450 90 419 396
500 500
35 319 202 395
83 121 264 150
500 500
231 152 266 217
65 443 314 202
500 500
189 262 424 484
317 57 340 323
500 500
145 121 287 36
255 48 474 272
500 500
190 412 277 283
117 156 37 301
500 500
429 414 413 494
324 203 186 38
500 500
235 152 48 286
339 463 274 374
500 500
365 451 265 420
276 258 472 433
500 500
186 211 7 147
3 408 290 88
500 500
486 363 445 362
421 78 67 376
500 500
292 188 494 326
185 186 363 169
500 500
273 293 244 85
97 360 330 18
500 500
61 255 117 109
164 173 22 284
500 500
450 307 281 68
345 421 172 83
500 500
40 134 461 251
129 156 337 372
500 500
399 440 475 189
265 291 204 143
500 500
37 233 352 109
131 201 312 361
500 500
300 496 466 80
270 374 285 127
500 500
292 484 34 188
139 245 111 447
500 500
252 454 420 100
108 185 487 367
500 500
102 423 429 159
72 141 353 485
500 500
237 96 55 397
415 181 3 84
500 500
421 139 303 97
128 180 187 128
500 500
24 347 235 221
34 275 192 296
500 500
30 333 111 256
355 21 253 247
500 500
410 361 9 89
235 238 270 271
500 500
483 62 296 393
33 0 440 12
500 500
135 479 35 425
126 375 428 23
500 500
361 201 159 257
333 77 81 109
500 500
13 6 237 76
492 491 112 285
500 500
108 345 22 216
176 427 407 404
500 500
134 21 327 36
261 385 88 199
500 500
240 126 88 48
453 93 74 251
500 500
473 308 346 356
68 283 176 216
500 500
167 18 469 222
51 125 199 349
500 500
191 428 118 343
133 185 164 399
500 500
345 73 216 246
257 374 361 84
500 500
140 448 113 79
436 40 479 367
500 500
72 391 433 440
277 104 79 326
500 500
172 190 462 153
208 94 72 138
500 500
299 192 237 345
215 385 318 415
500 500
30 201 282 319
198 137 84 246
500 500
442 311 388 161
54 475 247 196
500 500
369 203 459 301
224 123 497 25
500 500
498 268 377 179
85 151 377 287
500 500
354 357 468 369
404 437 57 486
500 500
32 342 101 71
461 184 318 14
500 500
289 10 402 82
69 357 353 242
500 500
315 406 37 278
465 273 166 352
500 500
39 429 287 157
458 168 93 157
500 500
254 430 288 270
225 335 186 360
500 500
227 183 372 232
409 118 260 272
500 500
229 497 165 412
86 122 307 30
500 500
345 323 213 289
27 395 32 342
500 500
400 189 403 377
472 369 231 403
500 500
14 474 436 390
153 211 480 166
500 500
353 182 429 212
180 298 286 432
500 500
68 14 481 434
150 190 452 258
500 500
392 137 226 496
239 299 101 38
500 500
446 1 104 155
413 472 204 68
500 500
199 334 114 266
319 384 445 170
500 500
376 10 180 298
488 484 429 499
500 500
490 252 482 377
113 167 329 420
500 500
243 122 56 18
58 148 91 371
500 500
279 382 495 488
279 374 229 353
500 500
445 389 89 314
256 325 269 315
500 500
491 354 141 472
247 44 302 13
500 500
488 171 203 60
244 269 73 414
500 500
361 127 148 263
364 219 354 329
500 500
60 399 192 388
175 291 185 391
500 500
291 170 295 66
376 335 235 264
500 500
294 374 200 305
212 399 66 105
500 500
108 85 420 286
140 334 346 191
500 500
109 360 252 431
462 337 162 57
500 500
366 85 72 450
417 219 105 368
500 500
259 227 42 90
54 33 191 359
500 500
119 141 233 208
108 241 16 234
500 500
75 365 103 408
241 8 33 438
500 500
58 91 202 264
433 23 497 478
500 500
18 188 307 128
293 231 97 160
500 500
13 178 430 168
457 229 111 399
500 500
5 255 275 275
398 492 337 11
500 500
265 434 148 12
406 187 240 235
500 500
183 471 67 340
417 364 242 133
500 500
289 305 393 60
254 448 152 212
500 500
80 54 211 175
259 321 452 118
500 500
290 492 466 499
77 362 485 358
500 500
97 288 116 295
481 195 414 374
500 500
21 417 248 427
53 17 494 235
500 500
84 290 313 1
53 292 352 98
500 500
421 369 476 323
314 56 72 162
500 500
108 9 359 243
308 115 435 359
500 500
478 458 231 347
250 178 387 499
500 500
264 162 335 349
124 321 481 485
500 500
11 425 121 434
242 207 294 18
500 500
281 218 351 153
142 32 11 87
500 500
248 205 229 217
32 133 488 71
500 500
290 40 381 52
387 22 276 362
500 500
276 94 443 18
43 5 182 145
500 500
298 432 312 402
441 46 121 466
500 500
456 24 53 401
331 484 307 312
500 500
46 429 414 214
417 103 17 320
500 500
470 386 412 363
23 214 400 288
500 500
139 167 302 254
114 272 411 302
500 500
482 189 287 228
354 468 278 443
500 500
383 126 107 495
28 141 370 379
500 500
344 488 319 422
359 119 358 117
500 500
377 144 15 420
355 20 162 54
500 500
42 375 39 68
26 2 103 242
500 500
247 407 404 129
479 93 135 200
500 500
68 454 244 242
338 76 18 47
500 500
96 71 404 158
438 255 29 168
500 500
44 348 205 390
292 229 214 212
500 500
238 247 433 19
493 310 265 131
500 500
446 269 287 394
29 171 475 439
500 500
179 124 239 383
404 154 152 433
500 500
326 232 293 203
82 317 391 88
500 500
377 184 234 103
473 55 192 298
500 500
458 175 468 249
278 154 188 77
500 500
4 315 318 345
66 22 248 348
500 500
424 207 170 480
106 106 171 295
500 500
397 182 201 272
432 414 163 114
500 500
348 144 197 169
16 330 100 471
500 500
166 308 122 470
341 496 27 49
500 500
82 283 340 156
257 353 229 121
500 500
246 116 363 53
122 421 89 145
500 500
498 444 205 118
363 156 333 424
500 500
247 261 11 44
18 151 236 144
500 500
153 332 189 161
202 375 343 272
500 500
474 209 50 110
15 270 23 84
500 500
192 438 499 287
461 284 220 141
500 500
423 105 263 435
417 304 407 475
500 500
15 149 250 482
451 296 126 153
500 500
208 2 244 90
77 97 470 260
500 500
256 96 260 248
206 44 118 468
500 500
330 197 497 418
445 293 103 79
500 500
170 451 447 371
4 376 122 165
500 500
486 462 444 140
315 143 434 438
500 500
123 314 237 399
303 71 205 443
500 500
406 55 38 236
185 462 319 346
500 500
311 37 458 379
329 220 373 22
500 500
377 58 314 466
229 127 34 368
500 500
322 446 261 435
483 30 321 46
500 500
308 101 146 217
267 244 295 330
500 500
253 450 170 14
25 203 94 238
500 500
286 143 114 467
223 41 40 332
500 500
347 150 154 250
184 188 157 385
500 500
195 112 131 179
402 271 70 0
500 500
166 440 480 115
372 403 301 380
500 500
140 129 207 59
89 269 40 76
500 500
322 211 17 91
251 424 482 414
500 500
34 446 134 377
304 175 32 11
500 500
292 132 173 82
174 272 67 441
500 500
335 407 332 351
109 195 365 215
500 500
12 374 160 190
67 156 429 31
500 500
347 210 456 211
204 448 300 134
500 500
449 225 86 273
129 468 256 210
500 500
497 112 362 371
44 125 53 249
500 500
447 255 107 227
31 364 103 224
500 500
277 98 300 88
447 392 183 135
500 500
386 57 167 176
463 212 262 346
500 500
499 164 395 381
109 347 323 74
500 500
477 33 332 82
50 493 61 269
500 500
255 51 89 106
410 162 308 13
500 500
469 92 273 148
145 299 60 453
500 500
157 157 407 481
18 323 489 77
500 500
433 349 82 381
339 434 325 189
500 500
463 465 361 167
266 65 12 243
500 500
151 59 212 484
221 59 265 10
500 500
342 452 39 118
131 480 340 176
500 500
288 479 320 1
158 272 453 93
500 500
452 32 269 271
364 167 150 160
500 500
145 277 149 153
300 493 351 208
500 500
376 365 498 81
242 326 468 313
500 500
242 6 101 284
105 241 180 402
500 500
280 261 197 40
346 424 499 403
500 500
198 42 440 380
325 235 433 370
500 500
118 316 314 443
490 432 103 24
500 500
97 76 240 467
437 474 215 402
500 500
253 207 242 431
479 144 108 112
500 500
333 6 205 360
385 339 272 200
500 500
226 191 285 270
237 468 64 337
500 500
295 420 477 177
494 258 420 413
500 500
347 114 80 336
310 392 226 484
500 500
213 295 4 221
4 379 472 165
500 500
189 137 480 448
336 381 437 204
500 500
231 164 224 121
412 454 229 347
500 500
337 13 491 424
407 337 170 328
500 500
125 228 239 296
332 154 151 138
500 500
129 152 286 400
244 192 222 99
500 500
31 376 229 462
490 52 372 342
500 500
325 384 315 29
355 189 292 341
500 500
144 298 73 465
0 472 437 24
500 500
264 113 158 414
453 416 391 457
500 500
219 479 249 407
258 358 144 193
500 500
414 276 442 497
2 217 248 73
500 500
217 48 69 47
129 483 370 96
500 500
434 172 63 118
324 32 20 345
500 500
223 313 166 396
271 74 304 410
500 500
0 273 168 356
189 176 251 237
500 500
38 369 438 256
2 224 267 295
500 500
375 79 405 393
32 299 203 309
500 500
35 314 389 7
107 93 206 217
500 500
143 308 325 91
249 131 162 440
500 500
227 270 439 22
174 377 493 136
500 500
103 204 158 151
414 376 103 176
500 500
418 152 131 326
206 489 194 200
500 500
0 201 113 214
3 281 147 87
500 500
185 61 264 349
390 403 459 137
500 500
358 408 432 170
477 409 376 338
500 500
422 285 336 84
363 374 153 335
500 500
37 53 379 431
279 7 443 230
500 500
413 485 352 457
123 422 38 234
500 500
159 99 67 351
69 23 3 339
500 500
245 217 310 145
188 107 460 178
500 500
430 413 143 111
452 469 483 1
500 500
234 132 431 93
229 201 186 103
500 500
75 78 397 141
317 477 150 106
500 500
463 256 462 334
251 331 37 254
500 500
443 91 278 32
240 339 299 94
500 500
82 357 370 170
401 230 424 126
500 500
426 369 220 363
421 467 181 303
500 500
77 164 143 459
356 62 91 103
500 500
446 50 468 103
333 13 312 133
500 500
441 489 251 216
168 242 99 357
500 500
17 52 367 473
407 309 169 142
500 500
313 285 496 110
257 119 73 270
500 500
298 135 162 344
110 118 257 246
500 500
227 449 330 7
221 38 386 377
500 500
299 139 457 314
408 15 91 375
500 500
346 386 178 425
396 290 445 174
500 500
350 450 42 53
135 228 405 294
500 500
181 253 195 337
308 59 447 405
500 500
71 154 245 190
245 316 444 178
500 500
468 266 165 83
17 5 72 77
500 500
396 202 373 487
139 83 235 491
500 500
284 4 450 21
11 350 193 129
500 500
263 35 354 294
92 435 298 247
500 500
6 146 378 488
473 403 343 389
500 500
340 166 219 62
498 409 150 41
500 500
296 169 215 167
164 0 426 13
500 500
311 267 76 34
350 152 44 9
500 500
415 237 159 190
347 195 76 10
500 500
26 42 18 399
27 192 422 432
500 500
45 280 372 287
90 415 334 31
500 500
8 33 17 73
375 146 311 175
500 500
382 261 50 236
371 62 289 436
500 500
304 75 452 284
48 83 230 52
500 500
49 22 113 166
187 320 132 302
500 500
99 108 499 149
363 373 38 167
500 500
345 139 412 161
483 263 65 288
500 500
435 267 156 0
185 487 382 193
500 500
282 271 398 39
356 405 182 432
500 500
265 53 361 14
308 238 26 192
500 500
202 36 57 17
452 52 161 488
500 500
145 203 329 272
255 183 245 469
500 500
144 183 432 162
124 268 301 84
500 500
112 256 486 166
397 421 400 295
500 500
498 336 354 408
321 415 386 341
500 500
107 110 474 34
452 25 237 124
500 500
110 33 362 178
150 446 167 211
500 500
320 387 119 416
358 378 255 393
500 500
442 319 344 430
42 375 209 121
500 500
182 103 34 382
174 112 437 96
500 500
164 8 220 6
300 253 5 420
500 500
445 199 236 284
284 148 130 191
500 500
94 471 13 61
362 315 293 465
500 500
171 224 272 264
343 22 321 314
500 500
51 163 217 245
168 123 296 457
500 500
40 314 91 423
410 355 415 196
500 500
192 456 491 180
138 154 211 120
500 500
79 356 465 211
290 189 140 423
500 500
428 155 235 260
378 328 216 73
500 500
434 299 169 130
135 410 95 192
500 500
229 337 241 107
465 375 373 8
500 500
71 257 67 249
78 206 324 414
500 500
43 335 19 12
97 352 300 179
500 500
140 205 248 141
194 318 290 155
500 500
433 14 354 284
134 105 218 150
500 500
291 215 329 112
102 443 463 343
500 500
452 163 173 378
189 436 282 314
500 500
141 303 160 66
167 359 265 333
500 500
412 253 286 350
303 475 384 399
500 500
314 166 327 137
208 466 4 261
500 500
92 165 6 409
269 212 351 155
500 500
190 332 324 469
128 356 110 159
500 500
291 185 426 444
201 318 204 317
500 500
467 196 12 373
66 149 427 97
500 500
208 418 439 383
456 233 92 30
500 500
113 154 274 229
312 169 499 307
500 500
178 432 246 353
386 318 134 355
500 500
319 380 351 294
398 73 142 454
500 500
75 324 145 296
416 177 370 41
500 500
157 396 204 31
117 285 461 57
500 500
268 93 236 365
37 295 3 397
500 500
134 152 203 317
15 469 261 299
500 500
139 401 277 5
49 253 465 360
500 500
382 151 170 4
460 106 499 159
500 500
33 94 431 151
241 494 153 210
500 500
399 155 203 297
174 460 48 263
500 500
254 248 68 131
346 366 349 419
500 500
445 494 14 159
173 97 239 441
500 500
318 266 295 202
247 267 304 471
500 500
284 95 140 438
152 180 357 63
500 500
324 27 33 64
310 167 140 73
500 500
319 225 82 413
325 414 291 137
500 500
261 387 35 369
55 483 19 288
500 500
486 111 43 408
489 311 242 75
500 500
111 10 70 367
329 129 115 235
500 500
299 230 258 191
91 30 264 343
500 500
247 126 315 50
263 34 466 433
500 500
184 331 155 218
331 158 410 74
500 500
447 212 262 145
338 296 2 265
500 500
297 495 261 422
356 100 264 349
500 500
4 438 45 348
106 32 290 499
500 500
435 272 465 496
325 230 42 164
500 500
240 107 283 422
244 130 353 96
500 500
279 34 73 114
455 367 276 252
500 500
376 155 392 100
421 414 249 27
500 500
261 197 177 114
355 160 177 157
500 500
255 486 376 339
44 265 203 269
500 500
162 321 85 161
33 37 22 316
500 500
275 70 17 44
342 481 181 262
500 500
311 401 296 156
348 239 299 483
500 500
16 440 416 205
324 288 171 427
500 500
258 450 298 113
172 52 62 448
500 500
475 261 120 131
10 148 69 419
500 500
296 396 473 18
244 239 450 223
500 500
424 337 206 406
23 392 389 18
500 500
4 246 278 152
330 378 324 442
500 500
41 316 159 236
18 168 204 106
500 500
337 22 363 309
433 59 436 337
500 500
236 324 343 357
17 423 420 355
500 500
288 245 360 100
220 51 10 37
500 500
190 82 280 145
69 241 36 191
500 500
470 488 129 270
243 68 207 431
500 500
363 285 167 41
245 367 77 202
500 500
13 17 379 229
321 22 486 195
500 500
340 307 170 253
226 217 140 226
500 500
91 382 431 65
120 89 155 441
500 500
405 374 6 140
174 359 186 260
500 500
88 357 347 186
478 275 8 351
500 500
391 269 61 448
420 173 313 131
500 500
283 374 439 450
407 342 409 173
500 500
463 166 494 253
7 165 311 199
500 500
122 193 241 207
10 56 197 229
500 500
342 104 150 9
204 38 204 398
500 500
333 407 411 293
373 316 245 309
500 500
224 88 435 309
272 151 340 80
500 500
407 45 438 381
211 18 299 130
500 500
103 68 486 260
199 160 119 113
500 500
47 479 20 352
22 24 244 367
500 500
414 369 375 273
417 223 319 19
500 500
300 282 2 206
366 422 148 98
500 500
56 391 43 218
217 269 160 329
500 500
142 306 206 82
264 441 247 51
500 500
92 196 347 385
17 418 313 459
500 500
447 34 59 459
55 417 88 469
500 500
334 454 17 18
395 353 341 228
500 500
259 116 270 497
380 127 248 486
500 500
202 426 465 335
323 269 61 240
500 500
466 213 155 382
302 31 187 475
500 500
94 491 153 422
358 170 446 452
500 500
65 497 375 250
436 370 341 465
500 500
134 6 477 314
182 89 231 176
500 500
389 267 169 41
70 70 139 11
500 500
8 449 98 183
73 178 19 32
500 500
498 165 416 424
271 123 40 140
500 500
27 169 272 257
238 350 53 38
500 500
154 353 245 105
58 145 5 300
500 500
447 110 177 330
3 316 200 492
500 500
160 331 394 163
380 172 302 225
500 500
38 57 320 297
262 234 75 70
500 500
94 265 251 264
88 252 203 300
500 500
208 317 62 342
359 185 104 424
500 500
140 290 72 190
310 219 32 376
500 500
195 142 195 276
212 44 186 192
500 500
203 435 460 231
50 225 406 399
500 500
186 154 229 243
73 78 52 193
500 500
328 134 3 472
52 250 412 279
500 500
221 33 384 65
139 197 264 97
500 500
323 469 467 316
260 14 466 306
500 500
398 167 434 280
56 310 381 136
500 500
375 381 103 126
355 304 16 42
500 500
443 472 233 481
295 244 69 214
500 500
76 437 137 20
126 384 324 170
500 500
166 199 91 121
450 376 94 175
500 500
86 241 170 357
296 324 209 179
500 500
284 448 389 266
68 191 216 74
500 500
321 157 289 110
442 16 89 459
500 500
297 348 444 79
271 102 123 302
500 500
334 462 468 155
274 353 227 23
500 500
277 431 77 45
67 77 43 349
500 500
254 90 441 495
44 92 246 443
500 500
151 236 489 448
15 170 125 333
500 500
298 197 276 248
432 201 236 224
500 500
362 158 279 236
18 227 388 101
500 500
416 44 221 95
237 378 242 476
500 500
433 150 248 225
299 296 364 415
500 500
379 482 221 339
378 10 330 439
500 500
28 124 6 85
28 454 499 66
500 500
28 423 440 347
217 433 124 55
500 500
271 289 44 68
179 135 427 485
500 500
285 71 368 382
399 142 69 463
500 500
15 188 469 241
383 271 4 141
500 500
121 274 54 24
457 344 460 391
500 500
40 188 450 167
112 482 355 357
500 500
293 9 370 320
143 88 462 263
500 500
266 120 292 248
152 213 36 375
500 500
62 235 369 42
83 67 86 390
500 500
216 446 81 95
43 26 396 196
500 500
334 322 187 308
366 388 244 164
500 500
370 466 493 365
286 129 356 403
500 500
348 297 189 388
280 381 271 140
500 500
297 185 55 423
93 252 431 242
500 500
420 300 438 395
379 237 436 168
500 500
120 265 88 437
189 258 405 440
500 500
215 445 377 263
215 286 348 435
500 500
346 162 292 287
472 387 310 375
500 500
423 192 427 251
304 354 230 22
500 500
189 358 359 180
399 464 129 440
500 500
455 194 181 307
152 420 447 196
500 500
206 481 172 296
255 252 202 116
500 500
396 386 184 280
181 259 65 455
500 500
463 394 491 170
437 322 56 104
500 500
247 339 13 179
233 495 273 211
500 500
199 246 64 336
382 92 490 400
500 500
363 138 477 482
406 418 330 285
500 500
121 322 473 13
451 368 369 180
500 500
40 415 64 140
107 494 103 155
500 500
267 164 234 68
241 412 33 469
500 500
171 183 269 18
280 227 455 124
500 500
480 451 88 148
188 443 432 58
500 500
194 195 391 63
401 128 146 50
500 500
383 375 303 372
92 149 312 406
500 500
484 132 419 209
317 165 491 358
500 500
51 297 243 162
462 320 449 450
500 500
483 316 205 222
365 178 234 386
500 500
425 34 80 68
271 449 455 49
500 500
18 248 417 486
75 427 129 360
500 500
204 101 351 130
341 348 309 238
500 500
481 253 265 383
80 154 43 337
500 500
493 282 156 96
367 108 388 49
500 500
345 235 71 435
19 465 342 478
500 500
308 40 409 86
287 96 332 3
500 500
110 348 71 268
240 244 335 436
500 500
471 32 172 67
255 108 172 46
500 500
8 298 418 170
284 140 272 349
500 500
85 228 347 131
87 221 206 380
500 500
73 330 362 74
493 474 251 485
500 500
108 321 449 42
118 487 212 82
500 500
486 463 133 19
445 344 125 303
500 500
308 170 75 57
348 224 366 114
500 500
108 487 101 320
200 156 224 418
500 500
453 395 219 446
64 446 186 23
500 500
437 73 250 75
344 407 323 232
500 500
141 145 207 389
391 161 180 369
500 500
166 406 154 24
135 363 212 264
500 500
114 368 260 316
445 189 228 492
500 500
235 472 288 207
7 348 184 224
500 500
4 293 453 50
461 436 65 491
500 500
51 98 189 243
480 466 45 219
500 500
324 235 206 216
285 359 240 173
500 500
466 490 157 238
55 3 81 457
500 500
316 257 361 437
146 319 140 352
500 500
330 210 107 45
465 440 316 0
500 500
0 216 405 447
94 1 438 58
500 500
38 282 81 134
96 128 294 163
500 500
232 143 303 475
143 195 57 107
500 500
320 283 231 62
48 111 216 142
500 500
477 246 421 204
352 417 166 372
500 500
417 146 109 397
299 134 83 410
500 500
408 486 269 269
300 167 495 229
500 500
145 24 348 249
494 286 308 483
500 500
69 183 420 246
470 328 447 406
500 500
99 63 339 438
458 477 400 9
500 500
131 478 404 21
195 195 96 8
500 500
151 155 382 471
140 409 195 166
500 500
405 448 183 264
450 22 371 370
500 500
481 304 177 369
449 19 315 476
500 500
203 112 72 191
434 488 49 290
500 500
103 60 25 8
465 303 307 323
500 500
211 51 288 244
131 261 404 195
500 500
208 38 134 158
495 221 382 338
500 500
355 210 345 78
309 253 240 385
500 500
335 334 18 129
173 270 71 322
500 500
129 176 398 473
423 241 238 108
500 500
356 474 99 65
464 423 204 408
500 500
306 445 257 382
281 91 48 363
500 500
116 197 441 298
9 35 417 86
500 500
300 84 271 290
43 167 138 17
500 500
154 35 141 348
83 397 125 453
500 500
130 394 488 173
480 121 226 200
500 500
160 429 45 164
193 242 323 122
500 500
17 466 139 320
414 37 182 456
500 500
186 250 149 252
84 466 264 107
500 500
19 101 296 209
8 165 59 98
500 500
22 194 329 194
409 183 396 267
500 500
394 86 376 134
345 280 319 171
500 500
186 60 471 95
164 348 155 76
500 500
42 216 411 59
31 350 368 42
500 500
377 185 21 361
6 224 484 397
500 500
217 152 310 363
46 277 462 455
500 500
62 197 248 479
44 102 481 310
500 500
298 235 344 234
21 245 308 482
500 500
285 165 294 430
261 453 233 368
500 500
397 9 170 295
289 422 495 218
500 500
309 205 356 345
220 312 414 132
500 500
378 146 288 425
297 111 413 298
500 500
85 34 166 259
105 416 470 377
500 500
54 201 400 200
31 135 491 313
500 500
338 47 224 410
204 400 295 233
500 500
268 167 452 52
270 464 65 480
500 500
381 469 31 147
319 493 477 199
500 500
185 61 99 29
221 238 30 186
500 500
274 314 171 413
308 342 445 397
500 500
229 46 448 419
339 402 205 254
500 500
299 132 420 386
283 15 200 294
500 500
221 167 158 336
244 191 198 397
500 500
327 202 479 147
89 361 64 310
500 500
374 483 115 479
323 148 394 430
500 500
25 118 428 168
165 462 228 471
500 500
18 17 252 495
241 273 311 83
500 500
477 466 366 254
124 207 407 304
500 500
415 400 58 172
273 197 72 191
500 500
118 120 323 223
137 283 203 183
500 500
250 172 149 495
263 474 9 51
500 500
497 318 10 92
5 251 264 447
500 500
48 136 165 141
464 328 499 498
500 500
104 232 370 255
186 83 473 239
500 500
305 398 189 31
3 109 448 111
500 500
250 111 42 124
310 356 353 466
500 500
186 188 353 120
302 111 303 248
500 500
333 447 276 43
377 320 385 31
