1000
100 100
13 80 13 34
7 78 61 78
100 100
15 8 15 65
13 81 42 81
100 100
51 31 51 90
3 75 63 75
100 100
38 84 38 95
15 88 24 88
100 100
95 24 95 47
31 51 36 51
100 100
92 83 92 68
84 28 45 28
100 100
32 16 32 19
77 5 71 5
100 100
76 69 76 16
16 73 41 73
100 100
29 57 29 22
72 83 64 83
100 100
97 91 97 31
8 31 60 31
100 100
3 65 3 89
52 77 17 77
100 100
78 52 78 6
58 51 4 51
100 100
22 74 22 26
3 52 64 52
100 100
48 88 48 48
54 89 72 89
100 100
95 16 95 27
0 59 4 59
100 100
97 94 97 64
79 46 43 46
100 100
57 54 57 87
85 10 95 10
100 100
56 31 56 4
76 33 50 33
100 100
65 44 65 25
48 38 27 38
100 100
9 57 9 86
11 94 24 94
100 100
32 30 32 41
85 53 84 53
100 100
99 68 99 28
62 16 11 16
100 100
15 87 15 51
62 42 60 42
100 100
27 83 27 61
24 1 28 1
100 100
58 14 58 39
26 93 60 93
100 100
81 21 81 77
11 16 85 16
100 100
90 9 90 19
3 25 85 25
100 100
71 11 71 43
68 36 47 36
100 100
56 30 56 46
14 30 96 30
100 100
32 42 32 66
36 75 19 75
100 100
72 81 72 34
16 99 21 99
100 100
16 52 16 37
97 40 52 40
100 100
72 8 72 80
14 92 71 92
100 100
60 28 60 20
85 11 7 11
100 100
43 33 43 74
31 44 14 44
100 100
73 24 73 54
92 91 26 91
100 100
63 72 63 77
58 24 26 24
100 100
26 87 26 94
7 30 29 30
100 100
72 35 72 58
41 78 30 78
100 100
71 66 71 58
75 32 51 32
100 100
43 52 43 62
43 3 56 3
100 100
14 34 14 38
72 95 39 95
100 100
71 85 71 50
38 78 98 78
100 100
61 4 61 51
77 39 13 39
100 100
76 89 76 45
74 82 38 82
100 100
70 40 70 67
98 56 68 56
100 100
74 40 74 39
50 59 69 59
100 100
24 71 24 73
83 40 10 40
100 100
46 52 46 5
23 54 81 54
100 100
56 36 56 40
54 61 59 61
100 100
44 80 44 55
2 92 89 92
100 100
80 38 80 29
43 69 89 69
100 100
33 2 33 77
72 97 64 97
100 100
38 37 38 39
73 15 23 15
100 100
84 80 84 56
37 59 1 59
100 100
21 97 21 36
35 49 82 49
100 100
49 71 49 12
6 2 22 2
100 100
91 71 91 9
8 45 77 45
100 100
62 37 62 59
80 9 92 9
100 100
94 26 94 10
98 83 79 83
100 100
54 56 54 21
1 92 50 92
100 100
20 47 20 66
90 89 49 89
100 100
24 83 24 43
34 13 0 13
100 100
9 61 9 73
84 35 46 35
100 100
64 33 64 63
7 26 20 26
100 100
70 53 70 8
36 69 61 69
100 100
96 18 96 23
89 81 80 81
100 100
20 51 20 97
67 13 73 13
100 100
36 13 36 61
7 80 99 80
100 100
75 84 75 44
72 2 97 2
100 100
15 64 15 77
56 4 36 4
100 100
28 62 28 11
33 58 55 58
100 100
17 47 17 58
1 12 94 12
100 100
90 52 90 81
5 51 72 51
100 100
82 26 82 6
54 16 33 16
100 100
88 14 88 48
97 39 74 39
100 100
37 91 37 50
2 44 89 44
100 100
67 71 67 43
6 74 92 74
100 100
32 51 32 43
87 72 5 72
100 100
37 26 37 90
24 71 85 71
100 100
2 51 2 43
83 66 82 66
100 100
16 54 16 42
14 99 34 99
100 100
19 17 19 28
5 52 91 52
100 100
52 88 52 35
42 8 35 8
100 100
58 90 58 84
67 33 91 33
100 100
79 12 79 64
33 14 97 14
100 100
79 25 79 95
97 84 81 84
100 100
76 76 76 64
56 75 62 75
100 100
71 30 71 32
32 62 61 62
100 100
53 19 53 81
19 29 89 29
100 100
52 77 52 65
42 28 79 28
100 100
56 91 56 96
58 43 6 43
100 100
67 3 67 82
71 2 14 2
100 100
28 55 28 35
90 21 74 21
100 100
22 1 22 69
64 91 93 91
100 100
58 68 58 90
64 12 97 12
100 100
76 39 76 69
14 23 3 23
100 100
11 79 11 19
85 23 80 23
100 100
12 84 12 53
31 52 2 52
100 100
58 63 58 60
47 12 69 12
100 100
25 36 25 20
75 75 52 75
100 100
86 80 86 57
24 15 47 15
100 100
36 89 36 19
2 95 78 95
100 100
12 33 12 96
32 39 45 39
100 100
47 20 47 37
87 80 25 80
100 100
93 20 93 51
43 62 32 62
100 100
75 91 75 8
15 40 25 40
100 100
78 15 78 49
32 26 78 26
100 100
2 45 2 78
91 85 24 85
100 100
78 61 78 47
55 47 71 47
100 100
37 14 37 81
25 96 26 96
100 100
78 86 78 60
43 29 39 29
100 100
15 32 15 11
62 41 68 41
100 100
76 5 76 45
82 10 66 10
100 100
24 35 24 61
71 14 45 14
100 100
27 58 27 72
14 12 47 12
100 100
69 79 69 32
4 23 71 23
100 100
83 18 83 33
73 24 12 24
100 100
92 34 92 78
73 56 78 56
100 100
79 70 79 54
41 94 8 94
100 100
78 69 78 5
9 66 94 66
100 100
35 38 35 89
83 43 44 43
100 100
2 48 2 74
7 70 66 70
100 100
78 33 78 64
93 59 97 59
100 100
87 13 87 93
95 39 94 39
100 100
81 62 81 37
36 17 73 17
100 100
91 80 91 32
7 36 46 36
100 100
64 73 64 53
16 98 90 98
100 100
73 94 73 0
44 84 2 84
100 100
69 25 69 85
46 5 48 5
100 100
88 42 88 31
32 1 53 1
100 100
65 40 65 73
22 33 24 33
100 100
47 92 47 60
83 43 27 43
100 100
58 98 58 29
4 51 80 51
100 100
47 21 47 61
79 60 67 60
100 100
47 74 47 58
7 42 71 42
100 100
6 46 6 9
65 78 94 78
100 100
38 91 38 23
47 82 50 82
100 100
87 12 87 98
44 21 9 21
100 100
87 19 87 22
43 50 27 50
100 100
8 97 8 82
67 49 6 49
100 100
44 90 44 93
10 3 47 3
100 100
45 78 45 68
44 23 7 23
100 100
58 60 58 49
91 89 37 89
100 100
21 58 21 62
82 38 81 38
100 100
43 6 43 63
0 84 66 84
100 100
85 54 85 27
80 87 77 87
100 100
26 86 26 5
63 21 54 21
100 100
32 96 32 41
24 84 72 84
100 100
60 54 60 49
22 91 18 91
100 100
16 17 16 52
31 21 82 21
100 100
11 23 11 98
77 47 29 47
100 100
58 89 58 5
33 44 55 44
100 100
37 0 37 21
18 3 33 3
100 100
63 61 63 87
95 99 9 99
100 100
18 99 18 3
52 50 84 50
100 100
78 54 78 44
90 66 87 66
100 100
59 84 59 81
85 42 84 42
100 100
46 14 46 8
58 87 70 87
100 100
75 69 75 44
53 13 2 13
100 100
2 15 2 85
46 45 99 45
100 100
25 81 25 17
4 91 28 91
100 100
31 82 31 86
20 69 97 69
100 100
75 79 75 73
19 37 74 37
100 100
2 76 2 14
14 3 97 3
100 100
44 19 44 31
6 57 11 57
100 100
58 45 58 36
56 28 4 28
100 100
67 22 67 60
22 1 75 1
100 100
93 37 93 25
1 85 48 85
100 100
1 76 1 41
62 43 66 43
100 100
32 8 32 67
93 86 73 86
100 100
43 55 43 24
60 89 73 89
100 100
47 53 47 7
10 21 94 21
100 100
16 52 16 73
98 25 13 25
100 100
94 0 94 3
98 49 32 49
100 100
6 88 6 0
44 67 34 67
100 100
18 2 18 72
22 2 64 2
100 100
17 24 17 66
42 68 22 68
100 100
96 62 96 72
43 7 52 7
100 100
95 38 95 41
56 56 45 56
100 100
1 8 1 98
89 6 12 6
100 100
82 60 82 6
1 91 0 91
100 100
34 48 34 26
93 27 26 27
100 100
87 91 87 24
86 75 94 75
100 100
75 67 75 2
22 62 45 62
100 100
70 53 70 90
25 51 4 51
100 100
69 39 69 82
36 51 20 51
100 100
64 74 64 53
83 75 32 75
100 100
38 25 38 72
16 85 91 85
100 100
63 65 63 55
26 93 54 93
100 100
86 46 86 52
85 94 32 94
100 100
14 95 14 3
84 45 17 45
100 100
6 9 6 70
17 52 2 52
100 100
29 28 29 97
39 2 25 2
100 100
42 81 42 92
99 15 10 15
100 100
19 83 19 58
8 96 36 96
100 100
20 52 20 51
38 96 31 96
100 100
50 9 50 78
7 76 14 76
100 100
64 63 64 3
39 73 62 73
100 100
48 60 48 37
6 2 95 2
100 100
20 43 20 34
61 75 32 75
100 100
42 59 42 25
92 9 21 9
100 100
23 27 23 90
56 38 84 38
100 100
44 11 44 29
55 50 68 50
100 100
16 56 16 78
91 76 9 76
100 100
45 10 45 25
33 79 98 79
100 100
25 74 25 35
44 67 56 67
100 100
82 83 82 16
90 35 0 35
100 100
19 41 19 48
48 1 59 1
100 100
16 41 16 68
79 64 70 64
100 100
14 88 14 25
28 13 20 13
100 100
14 5 14 19
16 31 4 31
100 100
68 31 68 45
41 42 68 42
100 100
95 2 95 39
68 83 99 83
100 100
52 67 52 93
64 43 91 43
100 100
19 92 19 46
19 4 4 4
100 100
42 87 42 3
48 88 43 88
100 100
78 21 78 7
66 10 27 10
100 100
11 45 11 5
5 66 54 66
100 100
21 32 21 98
37 6 32 6
100 100
13 61 13 12
68 72 26 72
100 100
63 10 63 73
50 38 76 38
100 100
66 10 66 97
16 18 54 18
100 100
18 92 18 85
65 46 81 46
100 100
1 32 1 39
92 95 20 95
100 100
79 70 79 27
51 17 83 17
100 100
3 37 3 31
6 33 97 33
100 100
11 42 11 82
71 39 86 39
100 100
15 92 15 63
64 27 25 27
100 100
22 65 22 44
95 52 13 52
100 100
77 95 77 72
79 72 36 72
100 100
62 72 62 10
23 41 83 41
100 100
25 93 25 88
32 60 62 60
100 100
14 39 14 19
4 62 6 62
100 100
24 94 24 29
13 73 78 73
100 100
40 32 40 86
75 53 16 53
100 100
10 51 10 14
74 92 86 92
100 100
54 36 54 44
44 98 90 98
100 100
71 95 71 46
39 1 24 1
100 100
8 9 8 81
22 5 77 5
100 100
9 3 9 63
37 47 92 47
100 100
19 12 19 66
47 1 26 1
100 100
92 1 92 15
7 33 65 33
100 100
53 76 53 60
40 88 99 88
100 100
52 76 52 43
76 4 21 4
100 100
80 38 80 93
43 2 9 2
100 100
28 76 28 25
84 57 65 57
100 100
82 15 82 52
61 36 15 36
100 100
80 77 80 18
46 10 99 10
100 100
58 56 58 26
96 12 14 12
100 100
97 64 97 41
20 95 42 95
100 100
26 24 26 51
48 25 62 25
100 100
97 3 97 22
62 25 49 25
100 100
0 5 0 8
81 28 54 28
100 100
72 57 72 11
64 84 84 84
100 100
50 23 50 9
15 57 14 57
100 100
7 39 7 9
19 38 4 38
100 100
69 15 69 96
33 86 4 86
100 100
53 65 53 63
49 37 8 37
100 100
69 43 69 82
33 16 24 16
100 100
55 81 55 23
67 14 22 14
100 100
20 98 20 24
70 73 66 73
100 100
71 73 71 42
50 76 1 76
100 100
54 57 54 73
17 23 97 23
100 100
19 68 19 79
50 89 2 89
100 100
88 54 88 88
77 11 68 11
100 100
0 66 0 37
23 90 24 90
100 100
67 98 67 15
69 81 87 81
100 100
0 83 0 85
55 61 37 61
100 100
28 89 28 22
39 52 94 52
100 100
79 40 79 22
67 64 78 64
100 100
33 60 33 15
59 93 94 93
100 100
83 12 83 21
77 5 86 5
100 100
67 58 67 76
60 78 50 78
100 100
56 30 56 71
44 32 32 32
100 100
11 50 11 63
9 92 99 92
100 100
9 4 9 30
66 5 55 5
100 100
67 79 67 64
55 6 1 6
100 100
25 81 25 97
91 46 18 46
100 100
50 72 50 57
83 49 51 49
100 100
22 63 22 83
64 81 26 81
100 100
80 82 80 87
37 90 76 90
100 100
70 32 70 94
54 58 17 58
100 100
24 28 24 3
3 38 24 38
100 100
55 22 55 14
15 76 71 76
100 100
77 96 77 72
7 65 36 65
100 100
19 8 19 35
66 12 83 12
100 100
99 57 99 35
28 32 90 32
100 100
10 33 10 60
51 85 8 85
100 100
22 3 22 84
34 28 35 28
100 100
63 34 63 22
58 14 43 14
100 100
64 8 64 60
29 13 52 13
100 100
91 1 91 85
99 30 47 30
100 100
28 25 28 91
82 14 11 14
100 100
62 46 62 11
74 32 73 32
100 100
95 25 95 95
37 14 79 14
100 100
81 50 81 62
3 60 25 60
100 100
64 65 64 90
6 77 70 77
100 100
15 48 15 79
38 17 3 17
100 100
98 38 98 87
87 79 62 79
100 100
66 94 66 34
14 31 29 31
100 100
38 15 38 11
77 47 72 47
100 100
84 78 84 19
59 2 35 2
100 100
90 56 90 73
47 73 1 73
100 100
22 84 22 36
41 85 61 85
100 100
67 64 67 52
12 28 24 28
100 100
94 96 94 50
29 36 13 36
100 100
23 57 23 50
33 64 24 64
100 100
28 5 28 83
10 39 1 39
100 100
35 8 35 19
81 84 16 84
100 100
27 9 27 88
15 41 48 41
100 100
47 7 47 31
97 73 28 73
100 100
19 3 19 87
31 56 62 56
100 100
34 14 34 56
3 99 78 99
100 100
21 68 21 25
96 42 81 42
100 100
16 48 16 0
30 61 74 61
100 100
59 54 59 95
33 52 21 52
100 100
35 58 35 54
70 49 36 49
100 100
26 37 26 9
16 53 40 53
100 100
45 54 45 72
63 98 21 98
100 100
4 93 4 64
41 91 72 91
100 100
42 54 42 48
11 33 92 33
100 100
52 22 52 41
79 74 97 74
100 100
7 68 7 9
35 71 36 71
100 100
25 99 25 95
75 12 15 12
100 100
55 11 55 75
51 64 88 64
100 100
50 46 50 52
17 83 27 83
100 100
86 25 86 46
72 81 20 81
100 100
68 16 68 26
75 20 84 20
100 100
55 68 55 18
97 62 51 62
100 100
93 7 93 90
53 15 2 15
100 100
33 45 33 97
93 43 30 43
100 100
30 39 30 98
79 9 17 9
100 100
9 85 9 84
88 15 96 15
100 100
74 27 74 99
78 63 99 63
100 100
50 86 50 92
18 88 81 88
100 100
74 27 74 87
38 60 81 60
100 100
64 77 64 93
16 20 18 20
100 100
35 48 35 93
43 94 57 94
100 100
60 58 60 35
77 12 88 12
100 100
8 41 8 85
75 53 41 53
100 100
30 82 30 21
70 72 68 72
100 100
50 12 50 5
52 95 67 95
100 100
81 37 81 66
66 27 94 27
100 100
55 2 55 34
70 37 61 37
100 100
84 37 84 39
0 24 41 24
100 100
36 41 36 0
57 3 74 3
100 100
97 27 97 52
94 62 60 62
100 100
43 0 43 65
48 69 82 69
100 100
92 87 92 58
99 35 19 35
100 100
81 1 81 58
26 43 49 43
100 100
28 98 28 34
30 77 11 77
100 100
66 82 66 67
16 65 78 65
100 100
4 59 4 90
46 21 13 21
100 100
63 54 63 37
0 12 60 12
100 100
94 4 94 23
61 56 24 56
100 100
48 88 48 47
90 88 58 88
100 100
19 4 19 7
53 52 2 52
100 100
33 21 33 15
21 86 43 86
100 100
73 99 73 96
88 96 97 96
100 100
39 20 39 36
49 23 28 23
100 100
94 37 94 28
22 47 53 47
100 100
64 13 64 53
69 53 9 53
100 100
88 27 88 57
90 74 81 74
100 100
8 62 8 0
18 30 85 30
100 100
9 23 9 37
12 67 49 67
100 100
6 83 6 24
17 53 62 53
100 100
4 85 4 50
66 23 18 23
100 100
30 90 30 71
78 76 59 76
100 100
3 19 3 99
75 98 29 98
100 100
81 33 81 6
14 25 73 25
100 100
13 87 13 7
80 54 77 54
100 100
7 19 7 80
20 90 72 90
100 100
58 56 58 79
66 24 86 24
100 100
7 78 7 25
29 32 19 32
100 100
16 75 16 22
64 0 65 0
100 100
13 99 13 9
64 39 6 39
100 100
74 90 74 80
30 37 90 37
100 100
99 68 99 97
38 80 96 80
100 100
32 2 32 66
50 32 4 32
100 100
1 26 1 29
86 48 14 48
100 100
97 58 97 61
44 57 27 57
100 100
37 81 37 41
69 21 2 21
100 100
19 48 19 59
2 84 87 84
100 100
7 42 7 97
66 3 21 3
100 100
71 83 71 76
22 13 70 13
100 100
36 39 36 74
60 80 37 80
100 100
24 43 24 90
75 0 16 0
100 100
70 43 70 16
58 47 24 47
100 100
50 64 50 43
12 2 11 2
100 100
81 16 81 96
2 74 76 74
100 100
77 50 77 17
33 44 78 44
100 100
13 87 13 65
53 89 90 89
100 100
50 32 50 72
42 27 57 27
100 100
71 30 71 48
54 17 78 17
100 100
64 44 64 6
64 68 52 68
100 100
20 38 20 78
31 0 98 0
100 100
77 64 77 62
49 1 3 1
100 100
44 44 44 48
70 61 82 61
100 100
15 42 15 14
57 36 45 36
100 100
15 91 15 79
35 52 47 52
100 100
23 44 23 15
17 51 15 51
100 100
61 55 61 37
0 1 42 1
100 100
50 14 50 98
72 3 77 3
100 100
76 33 76 65
63 29 32 29
100 100
75 48 75 40
91 22 18 22
100 100
14 87 14 8
0 76 1 76
100 100
25 15 25 79
31 52 69 52
100 100
25 4 25 41
85 36 6 36
100 100
56 37 56 97
55 28 92 28
100 100
38 66 38 78
44 42 27 42
100 100
40 89 40 67
50 15 11 15
100 100
76 55 76 51
83 93 22 93
100 100
9 45 9 56
67 95 68 95
100 100
0 83 0 10
35 7 56 7
100 100
6 64 6 55
55 7 51 7
100 100
90 51 90 98
23 44 41 44
100 100
0 0 0 94
39 9 5 9
100 100
14 78 14 26
69 74 67 74
100 100
93 80 93 73
82 78 76 78
100 100
53 59 53 1
16 17 58 17
100 100
77 64 77 45
80 68 38 68
100 100
23 55 23 68
57 43 93 43
100 100
7 92 7 22
86 45 10 45
100 100
20 33 20 15
13 95 28 95
100 100
95 61 95 33
68 38 92 38
100 100
58 60 58 89
69 83 20 83
100 100
18 66 18 92
52 12 60 12
100 100
29 30 29 98
22 77 57 77
100 100
35 29 35 82
8 17 27 17
100 100
38 57 38 76
17 92 72 92
100 100
2 81 2 56
96 17 98 17
100 100
29 27 29 33
17 17 6 17
100 100
68 82 68 24
56 63 85 63
100 100
63 69 63 64
2 46 29 46
100 100
2 52 2 31
41 33 9 33
100 100
52 42 52 63
45 72 35 72
100 100
95 75 95 0
11 74 47 74
100 100
57 65 57 75
74 93 39 93
100 100
6 18 6 13
11 9 29 9
100 100
15 29 15 86
48 47 8 47
100 100
68 77 68 18
23 52 90 52
100 100
61 28 61 41
98 98 30 98
100 100
50 91 50 66
4 18 27 18
100 100
47 47 47 75
84 48 66 48
100 100
72 5 72 35
51 45 84 45
100 100
45 47 45 99
31 32 14 32
100 100
10 98 10 26
17 65 21 65
100 100
5 78 5 10
59 75 24 75
100 100
74 18 74 34
85 96 27 96
100 100
8 52 8 25
90 52 63 52
100 100
78 88 78 74
89 45 63 45
100 100
19 11 19 67
88 61 57 61
100 100
57 26 57 30
38 64 97 64
100 100
40 0 40 35
68 2 87 2
100 100
49 22 49 8
64 7 22 7
100 100
72 73 72 6
71 87 93 87
100 100
81 8 81 25
15 70 92 70
100 100
41 92 41 78
0 12 35 12
100 100
47 9 47 4
96 67 6 67
100 100
58 72 58 86
61 26 70 26
100 100
56 23 56 73
44 27 48 27
100 100
85 49 85 65
8 35 58 35
100 100
47 15 47 50
80 19 77 19
100 100
77 78 77 96
68 29 47 29
100 100
67 58 67 81
74 56 63 56
100 100
71 48 71 10
89 34 22 34
100 100
63 97 63 44
19 73 90 73
100 100
58 27 58 44
85 7 57 7
100 100
0 22 0 70
14 72 66 72
100 100
50 44 50 40
39 60 51 60
100 100
75 12 75 20
33 57 4 57
100 100
86 69 86 73
18 55 83 55
100 100
32 57 32 94
97 78 96 78
100 100
39 44 39 32
75 3 69 3
100 100
19 4 19 48
3 52 9 52
100 100
81 85 81 62
40 46 77 46
100 100
36 63 36 72
29 52 0 52
100 100
52 0 52 79
46 67 80 67
100 100
14 42 14 17
30 60 85 60
100 100
81 97 81 78
53 27 13 27
100 100
66 0 66 5
24 32 23 32
100 100
28 63 28 19
82 43 32 43
100 100
2 26 2 35
5 77 27 77
100 100
46 75 46 57
73 22 57 22
100 100
8 75 8 31
39 47 36 47
100 100
54 80 54 90
86 38 82 38
100 100
6 1 6 45
91 51 99 51
100 100
10 82 10 62
90 7 60 7
100 100
42 70 42 85
8 18 48 18
100 100
30 54 30 51
42 67 8 67
100 100
85 89 85 98
30 67 44 67
100 100
93 52 93 61
27 37 26 37
100 100
53 40 53 89
25 3 11 3
100 100
22 0 22 11
26 33 62 33
100 100
12 21 12 14
80 62 65 62
100 100
28 10 28 23
56 56 83 56
100 100
98 99 98 21
82 13 2 13
100 100
79 73 79 13
20 76 32 76
100 100
69 10 69 56
47 52 15 52
100 100
79 10 79 26
87 33 3 33
100 100
50 27 50 78
58 2 3 2
100 100
54 1 54 5
47 89 41 89
100 100
48 29 48 85
34 25 40 25
100 100
6 63 6 85
38 14 75 14
100 100
96 42 96 95
57 16 46 16
100 100
59 7 59 22
65 85 71 85
100 100
47 66 47 75
30 84 12 84
100 100
80 81 80 91
6 4 7 4
100 100
79 60 79 13
70 71 63 71
100 100
97 22 97 46
55 43 18 43
100 100
16 71 16 25
77 66 71 66
100 100
72 91 72 54
99 58 75 58
100 100
10 43 10 12
33 59 22 59
100 100
67 77 67 22
8 32 76 32
100 100
64 55 64 94
17 61 15 61
100 100
92 30 92 82
70 93 85 93
100 100
19 4 19 71
72 38 19 38
100 100
93 29 93 27
31 31 99 31
100 100
78 49 78 6
24 59 93 59
100 100
68 55 68 48
60 85 20 85
100 100
54 99 54 29
91 77 16 77
100 100
39 68 39 3
66 58 8 58
100 100
73 56 73 17
46 34 87 34
100 100
67 61 67 78
58 43 38 43
100 100
60 64 60 67
61 23 87 23
100 100
27 26 27 50
32 23 9 23
100 100
51 21 51 90
35 30 27 30
100 100
75 6 75 80
68 63 95 63
100 100
67 24 67 3
3 12 19 12
100 100
83 79 83 68
85 77 5 77
100 100
35 81 35 3
53 72 3 72
100 100
2 31 2 16
22 75 84 75
100 100
72 63 72 10
7 77 96 77
100 100
49 63 49 88
24 5 15 5
100 100
8 35 8 93
81 30 85 30
100 100
65 70 65 77
0 5 39 5
100 100
71 10 71 45
21 43 25 43
100 100
67 68 67 6
50 79 16 79
100 100
49 3 49 84
53 96 91 96
100 100
33 39 33 75
45 15 49 15
100 100
50 40 50 47
97 3 80 3
100 100
6 6 6 47
68 47 56 47
100 100
63 84 63 60
64 9 5 9
100 100
41 66 41 47
16 66 23 66
100 100
22 66 22 41
29 58 91 58
100 100
20 26 20 69
31 23 2 23
100 100
14 35 14 12
35 45 30 45
100 100
40 21 40 92
75 2 60 2
100 100
32 68 32 97
91 74 45 74
100 100
62 33 62 6
79 71 3 71
100 100
69 8 69 15
99 23 26 23
100 100
64 82 64 54
93 39 85 39
100 100
57 12 57 2
78 8 52 8
100 100
89 71 89 76
57 59 95 59
100 100
43 59 43 41
9 90 27 90
100 100
15 59 15 66
21 65 69 65
100 100
60 48 60 78
20 55 25 55
100 100
68 18 68 8
68 56 42 56
100 100
57 51 57 97
40 94 71 94
100 100
14 12 14 43
17 45 99 45
100 100
45 92 45 43
13 10 19 10
100 100
76 94 76 99
91 44 4 44
100 100
83 85 83 61
2 38 29 38
100 100
78 37 78 59
52 2 36 2
100 100
4 65 4 98
73 43 23 43
100 100
52 26 52 60
93 93 24 93
100 100
98 86 98 19
46 20 40 20
100 100
46 59 46 60
72 9 48 9
100 100
25 55 25 71
56 61 3 61
100 100
34 38 34 43
48 24 92 24
100 100
21 85 21 14
9 65 60 65
100 100
13 44 13 54
82 70 86 70
100 100
93 71 93 95
64 70 59 70
100 100
23 79 23 73
30 77 11 77
100 100
49 51 49 82
75 0 26 0
100 100
25 30 25 42
79 84 16 84
100 100
30 91 30 21
94 34 29 34
100 100
80 2 80 65
69 91 42 91
100 100
23 56 23 21
71 82 68 82
100 100
68 26 68 83
3 11 30 11
100 100
15 18 15 66
31 19 36 19
100 100
66 0 66 10
80 19 71 19
100 100
88 48 88 29
47 11 49 11
100 100
71 42 71 88
0 17 74 17
100 100
1 76 1 5
70 78 41 78
100 100
54 76 54 8
63 48 64 48
100 100
64 15 64 96
14 53 69 53
100 100
65 15 65 6
15 11 54 11
100 100
12 68 12 72
35 67 30 67
100 100
92 5 92 90
18 48 54 48
100 100
31 26 31 81
88 82 4 82
100 100
81 50 81 38
36 71 12 71
100 100
36 92 36 54
46 92 63 92
100 100
88 95 88 2
75 19 51 19
100 100
81 99 81 85
21 63 83 63
100 100
49 97 49 27
9 71 90 71
100 100
76 28 76 43
82 97 23 97
100 100
94 45 94 11
49 67 81 67
100 100
97 5 97 50
75 29 89 29
100 100
92 81 92 38
8 67 40 67
100 100
68 77 68 52
28 45 63 45
100 100
10 24 10 0
96 11 58 11
100 100
86 87 86 74
79 77 67 77
100 100
13 80 13 7
32 59 62 59
100 100
66 78 66 96
28 60 25 60
100 100
86 66 86 48
80 57 9 57
100 100
97 1 97 55
21 15 84 15
100 100
74 64 74 61
34 52 96 52
100 100
87 73 87 3
55 44 7 44
100 100
29 50 29 17
41 95 28 95
100 100
15 58 15 3
58 82 74 82
100 100
96 91 96 79
51 5 58 5
100 100
90 33 90 47
16 35 50 35
100 100
83 76 83 57
17 51 5 51
100 100
39 97 39 34
33 1 61 1
100 100
26 6 26 95
1 98 22 98
100 100
33 24 33 55
84 86 51 86
100 100
11 4 11 50
84 48 14 48
100 100
2 82 2 55
54 32 99 32
100 100
25 5 25 18
83 77 30 77
100 100
51 38 51 91
83 90 45 90
100 100
61 55 61 24
80 40 95 40
100 100
66 80 66 83
67 15 88 15
100 100
58 2 58 42
35 17 90 17
100 100
61 7 61 83
37 63 14 63
100 100
99 32 99 59
69 63 46 63
100 100
2 19 2 32
73 80 54 80
100 100
38 52 38 28
9 35 52 35
100 100
99 93 99 90
66 1 57 1
100 100
33 1 33 89
34 27 85 27
100 100
94 88 94 3
51 67 63 67
100 100
63 26 63 47
26 14 19 14
100 100
88 50 88 94
66 5 88 5
100 100
72 91 72 46
15 52 39 52
100 100
42 47 42 70
43 47 45 47
100 100
88 80 88 52
36 68 35 68
100 100
1 12 1 41
64 28 92 28
100 100
33 31 33 36
23 24 29 24
100 100
88 80 88 11
12 51 95 51
100 100
49 91 49 30
87 48 46 48
100 100
26 93 26 69
26 7 97 7
100 100
83 34 83 68
62 10 67 10
100 100
99 39 99 21
63 21 99 21
100 100
27 35 27 79
28 54 72 54
100 100
82 46 82 13
77 87 15 87
100 100
5 20 5 37
26 71 47 71
100 100
50 54 50 68
7 31 29 31
100 100
13 73 13 77
96 2 50 2
100 100
20 31 20 37
73 16 90 16
100 100
17 1 17 13
49 32 46 32
100 100
87 44 87 60
92 5 63 5
100 100
3 80 3 17
76 87 50 87
100 100
86 89 86 99
71 2 65 2
100 100
41 17 41 29
4 59 74 59
100 100
95 3 95 15
0 5 72 5
100 100
84 89 84 47
68 82 27 82
100 100
71 63 71 18
71 2 48 2
100 100
77 12 77 95
96 68 95 68
100 100
23 75 23 38
29 97 75 97
100 100
92 20 92 95
97 93 30 93
100 100
24 3 24 16
60 63 82 63
100 100
48 25 48 86
85 38 63 38
100 100
58 65 58 56
25 48 15 48
100 100
92 50 92 65
56 67 8 67
100 100
83 16 83 72
62 68 42 68
100 100
40 79 40 99
98 47 40 47
100 100
20 72 20 39
5 20 55 20
100 100
90 8 90 3
23 45 75 45
100 100
14 29 14 91
39 52 81 52
100 100
84 87 84 4
51 64 49 64
100 100
89 16 89 70
61 92 2 92
100 100
62 30 62 59
40 1 83 1
100 100
13 9 13 50
92 35 14 35
100 100
66 64 66 78
33 92 72 92
100 100
8 88 8 3
83 10 51 10
100 100
53 40 53 84
54 22 95 22
100 100
28 69 28 6
16 92 50 92
100 100
95 29 95 90
28 56 38 56
100 100
4 43 4 78
59 93 38 93
100 100
15 96 15 23
56 6 80 6
100 100
90 60 90 30
43 55 28 55
100 100
30 87 30 0
70 54 1 54
100 100
33 8 33 42
66 22 68 22
100 100
57 3 57 69
90 4 45 4
100 100
20 2 20 16
16 95 73 95
100 100
39 34 39 51
12 98 89 98
100 100
77 15 77 25
72 16 34 16
100 100
91 58 91 5
60 66 79 66
100 100
5 64 5 16
64 29 27 29
100 100
92 54 92 17
55 39 12 39
100 100
98 82 98 40
33 80 92 80
100 100
83 63 83 42
54 11 98 11
100 100
93 36 93 47
21 5 25 5
100 100
46 83 46 26
47 39 18 39
100 100
58 68 58 32
2 79 60 79
100 100
10 61 10 52
33 84 83 84
100 100
80 28 80 19
88 89 21 89
100 100
85 29 85 80
69 16 6 16
100 100
71 22 71 31
5 40 78 40
100 100
93 8 93 89
83 64 13 64
100 100
28 22 28 5
24 32 11 32
100 100
84 34 84 56
63 0 94 0
100 100
27 49 27 12
35 21 22 21
100 100
77 56 77 85
29 95 77 95
100 100
37 40 37 55
55 76 38 76
100 100
21 75 21 41
82 71 85 71
100 100
55 68 55 45
16 74 49 74
100 100
5 73 5 86
0 86 12 86
100 100
95 67 95 76
30 96 13 96
100 100
50 46 50 86
41 32 33 32
100 100
38 65 38 24
5 80 43 80
100 100
81 48 81 60
72 93 94 93
100 100
90 30 90 55
99 81 7 81
100 100
79 89 79 15
24 4 93 4
100 100
43 13 43 7
49 8 17 8
100 100
82 9 82 14
80 68 59 68
100 100
16 88 16 83
61 14 56 14
100 100
49 71 49 9
83 0 41 0
100 100
63 59 63 93
12 34 1 34
100 100
37 30 37 59
87 23 66 23
100 100
30 84 30 85
29 15 46 15
100 100
97 53 97 88
32 16 25 16
100 100
58 11 58 80
14 40 23 40
100 100
98 96 98 24
53 62 36 62
100 100
5 22 5 60
37 22 38 22
100 100
41 86 41 71
30 55 70 55
100 100
10 62 10 57
38 21 31 21
100 100
45 44 45 85
68 80 5 80
100 100
33 31 33 23
97 21 36 21
100 100
35 62 35 28
87 67 53 67
100 100
76 63 76 6
92 36 60 36
100 100
11 49 11 0
76 23 10 23
100 100
76 99 76 89
70 95 60 95
100 100
85 85 85 1
20 60 65 60
100 100
87 83 87 67
2 16 72 16
100 100
59 48 59 41
36 31 11 31
100 100
58 20 58 2
39 71 97 71
100 100
41 83 41 98
22 6 49 6
100 100
77 99 77 1
39 40 14 40
100 100
49 13 49 98
20 77 5 77
100 100
58 85 58 22
7 28 20 28
100 100
36 17 36 28
71 9 83 9
100 100
34 73 34 15
98 78 19 78
100 100
88 62 88 82
53 66 48 66
100 100
97 16 97 11
71 86 21 86
100 100
32 79 32 30
67 45 3 45
100 100
45 88 45 3
75 43 5 43
100 100
78 58 78 2
30 10 44 10
100 100
4 2 4 51
31 74 56 74
100 100
73 82 73 13
96 99 34 99
100 100
69 35 69 4
16 85 22 85
100 100
48 15 48 25
10 65 93 65
100 100
12 88 12 44
58 71 10 71
100 100
38 53 38 54
9 2 4 2
100 100
27 61 27 60
48 12 88 12
100 100
57 47 57 23
45 1 56 1
100 100
36 15 36 37
34 50 66 50
100 100
13 51 13 75
34 50 23 50
100 100
68 12 68 5
86 75 37 75
100 100
56 37 56 12
50 89 81 89
100 100
3 89 3 39
30 44 73 44
100 100
39 73 39 56
22 53 26 53
100 100
15 26 15 12
60 91 53 91
100 100
11 99 11 51
17 49 32 49
100 100
77 69 77 77
14 42 24 42
100 100
28 20 28 84
82 74 65 74
100 100
57 0 57 24
26 93 54 93
100 100
76 8 76 38
97 68 87 68
100 100
85 76 85 75
65 48 3 48
100 100
11 28 11 1
35 91 60 91
100 100
64 13 64 36
17 28 29 28
100 100
0 99 0 2
89 38 27 38
100 100
70 68 70 17
88 61 21 61
100 100
34 35 34 1
21 70 1 70
100 100
62 29 62 78
80 7 37 7
100 100
66 55 66 58
31 58 35 58
100 100
51 65 51 24
19 96 59 96
100 100
8 29 8 75
0 53 2 53
100 100
68 60 68 47
87 87 14 87
100 100
69 77 69 38
66 80 99 80
100 100
61 13 61 54
25 46 83 46
100 100
78 72 78 63
81 82 69 82
100 100
89 90 89 93
82 83 3 83
100 100
84 31 84 49
57 88 56 88
100 100
60 0 60 75
37 68 89 68
100 100
55 77 55 15
52 2 67 2
100 100
38 29 38 77
91 99 81 99
100 100
23 66 23 95
11 84 8 84
100 100
5 70 5 68
69 69 73 69
100 100
14 36 14 58
75 23 47 23
100 100
34 89 34 45
83 90 46 90
100 100
22 89 22 38
15 35 24 35
100 100
72 35 72 24
89 30 39 30
100 100
72 71 72 30
69 33 52 33
100 100
60 91 60 71
97 83 98 83
100 100
38 22 38 5
52 33 74 33
100 100
46 55 46 19
26 33 94 33
100 100
26 91 26 81
42 14 82 14
100 100
12 95 12 44
82 57 85 57
100 100
90 39 90 10
75 26 90 26
100 100
93 25 93 44
47 54 98 54
100 100
8 67 8 65
11 96 46 96
100 100
58 81 58 49
95 80 78 80
100 100
64 23 64 78
22 54 88 54
100 100
49 6 49 29
15 22 63 22
100 100
59 55 59 98
18 64 82 64
100 100
32 79 32 47
58 43 89 43
100 100
18 10 18 3
16 23 68 23
100 100
93 0 93 63
85 47 74 47
100 100
50 14 50 4
45 61 64 61
100 100
94 37 94 3
86 53 34 53
100 100
71 78 71 57
6 8 4 8
100 100
40 17 40 53
30 41 27 41
100 100
52 41 52 12
17 38 11 38
100 100
48 33 48 97
28 23 68 23
100 100
94 43 94 75
57 9 10 9
100 100
26 89 26 0
43 13 68 13
100 100
69 59 69 68
32 60 9 60
100 100
42 71 42 30
11 96 35 96
100 100
18 51 18 39
96 38 1 38
100 100
19 24 19 93
12 21 90 21
100 100
76 55 76 72
5 47 83 47
100 100
67 95 67 83
13 83 11 83
100 100
39 46 39 32
17 16 95 16
100 100
45 16 45 81
41 74 73 74
100 100
92 46 92 63
19 65 64 65
100 100
49 85 49 91
79 51 96 51
100 100
84 92 84 16
61 1 3 1
100 100
10 45 10 49
75 88 39 88
100 100
49 95 49 28
68 34 4 34
100 100
92 14 92 21
64 90 88 90
100 100
60 71 60 56
59 93 49 93
100 100
94 8 94 29
12 98 65 98
100 100
83 78 83 29
34 95 73 95
100 100
21 67 21 82
67 13 58 13
100 100
21 92 21 25
67 40 34 40
100 100
30 3 30 65
50 79 43 79
100 100
60 39 60 41
51 68 88 68
100 100
56 67 56 47
47 25 53 25
100 100
24 54 24 6
11 58 47 58
100 100
48 54 48 22
87 88 31 88
100 100
46 60 46 71
72 58 38 58
100 100
48 90 48 24
36 4 88 4
100 100
31 94 31 15
41 46 36 46
100 100
91 0 91 10
65 49 25 49
100 100
44 14 44 67
25 94 69 94
100 100
86 15 86 40
91 67 40 67
100 100
6 90 6 14
92 23 5 23
100 100
66 25 66 60
80 66 20 66
100 100
1 17 1 85
66 39 13 39
100 100
59 90 59 95
41 2 48 2
100 100
30 64 30 3
15 70 6 70
100 100
66 99 66 13
43 41 21 41
100 100
74 10 74 37
86 60 30 60
100 100
83 91 83 77
89 81 62 81
100 100
39 77 39 69
12 31 4 31
100 100
19 85 19 64
91 63 16 63
100 100
29 8 29 96
42 23 83 23
100 100
54 59 54 96
1 15 5 15
100 100
25 2 25 69
95 10 3 10
100 100
67 92 67 44
77 21 96 21
100 100
43 3 43 39
69 39 88 39
100 100
38 63 38 9
29 42 42 42
100 100
82 23 82 10
20 99 15 99
100 100
73 50 73 47
72 60 85 60
100 100
98 46 98 72
31 49 79 49
100 100
76 47 76 58
52 88 32 88
100 100
56 92 56 36
5 71 10 71
100 100
48 58 48 9
32 48 57 48
100 100
39 86 39 11
88 65 38 65
100 100
85 85 85 15
17 89 56 89
100 100
54 18 54 22
53 68 61 68
100 100
21 97 21 76
93 54 59 54
100 100
50 0 50 59
56 54 93 54
100 100
17 43 17 44
26 9 53 9
100 100
98 36 98 9
61 58 3 58
100 100
81 64 81 19
75 25 21 25
100 100
34 25 34 89
35 23 57 23
100 100
23 87 23 88
88 24 77 24
100 100
0 30 0 84
98 56 73 56
100 100
60 53 60 36
26 10 50 10
100 100
27 57 27 82
31 55 52 55
100 100
76 0 76 68
29 19 39 19
100 100
52 37 52 43
93 2 86 2
100 100
58 2 58 37
85 61 63 61
100 100
99 76 99 29
19 24 60 24
100 100
46 85 46 58
77 98 57 98
100 100
14 21 14 60
19 6 99 6
100 100
25 77 25 44
89 74 46 74
100 100
50 88 50 90
66 62 13 62
100 100
31 20 31 23
20 30 36 30
100 100
81 24 81 46
39 19 87 19
100 100
21 11 21 0
80 33 26 33
100 100
60 32 60 6
41 22 14 22
100 100
86 82 86 85
17 35 48 35
100 100
7 72 7 66
32 31 19 31
100 100
61 31 61 72
86 94 75 94
100 100
61 88 61 19
41 80 58 80
100 100
97 4 97 21
96 41 7 41
100 100
63 38 63 16
44 28 10 28
100 100
2 15 2 13
50 8 66 8
100 100
8 28 8 39
5 32 2 32
100 100
47 74 47 89
31 30 55 30
100 100
38 2 38 33
7 42 9 42
100 100
21 57 21 5
18 32 34 32
100 100
59 72 59 61
52 22 2 22
100 100
20 69 20 31
38 79 52 79
100 100
1 70 1 33
90 10 91 10
100 100
38 82 38 46
61 17 21 17
100 100
23 49 23 94
35 62 4 62
100 100
91 66 91 77
60 4 55 4
100 100
18 30 18 53
55 62 58 62
100 100
8 75 8 68
78 64 61 64
100 100
37 46 37 87
32 46 7 46
100 100
58 6 58 78
81 63 18 63
100 100
99 30 99 68
82 87 93 87
100 100
57 24 57 75
56 52 58 52
100 100
28 20 28 2
65 37 35 37
100 100
71 23 71 55
8 43 5 43
100 100
69 94 69 30
76 53 97 53
100 100
15 53 15 78
3 94 94 94
100 100
10 30 10 94
58 63 57 63
100 100
53 57 53 71
9 77 61 77
100 100
72 61 72 96
6 96 87 96
100 100
20 48 20 0
48 17 60 17
100 100
2 3 2 9
47 65 63 65
100 100
40 11 40 1
24 2 56 2
100 100
16 89 16 62
89 52 23 52
100 100
51 1 51 87
40 64 44 64
100 100
85 38 85 83
0 16 66 16
100 100
97 85 97 18
26 78 72 78
100 100
3 23 3 26
62 3 99 3
100 100
71 90 71 0
3 80 72 80
100 100
67 16 67 71
99 56 51 56
100 100
4 61 4 45
78 48 82 48
100 100
42 21 42 50
70 39 5 39
100 100
71 68 71 23
31 71 55 71
100 100
90 66 90 2
37 53 16 53
100 100
47 3 47 16
22 58 75 58
100 100
56 87 56 73
14 97 93 97
100 100
74 63 74 24
14 50 8 50
100 100
71 95 71 71
21 7 40 7
100 100
37 33 37 13
0 86 65 86
100 100
29 73 29 30
77 3 91 3
100 100
29 36 29 59
14 49 15 49
100 100
14 41 14 0
99 93 5 93
100 100
75 2 75 3
96 83 37 83
100 100
12 39 12 9
20 14 69 14
100 100
44 66 44 27
16 11 40 11
100 100
35 9 35 43
40 23 70 23
100 100
55 17 55 65
64 10 15 10
100 100
21 87 21 68
59 87 31 87
100 100
63 6 63 54
83 34 47 34
100 100
75 78 75 67
28 59 34 59
100 100
9 42 9 63
78 4 26 4
100 100
11 55 11 62
12 60 40 60
100 100
8 59 8 8
40 50 70 50
100 100
58 88 58 82
38 3 95 3
100 100
64 41 64 54
92 97 13 97
100 100
60 81 60 31
83 86 89 86
100 100
4 52 4 24
13 64 6 64
100 100
57 1 57 88
28 14 53 14
100 100
68 71 68 81
55 94 25 94
100 100
65 3 65 16
75 37 31 37
100 100
49 9 49 28
85 42 28 42
100 100
9 85 9 44
5 16 34 16
100 100
35 1 35 83
65 21 99 21
100 100
73 58 73 0
52 54 27 54
100 100
40 70 40 38
7 43 45 43
100 100
14 12 14 78
80 23 97 23
100 100
93 86 93 79
56 21 24 21
100 100
8 54 8 10
79 72 22 72
100 100
11 99 11 87
88 7 80 7
100 100
35 95 35 29
51 53 31 53
100 100
31 93 31 52
89 9 55 9
100 100
13 61 13 84
90 25 53 25
100 100
48 44 48 31
88 92 59 92
100 100
53 6 53 22
92 22 42 22
100 100
26 59 26 67
89 44 37 44
100 100
24 0 24 13
89 18 40 18
100 100
64 85 64 79
24 14 56 14
100 100
62 75 62 3
72 56 10 56
100 100
24 44 24 52
16 32 2 32
100 100
70 32 70 85
13 21 31 21
100 100
35 1 35 97
42 74 78 74
100 100
4 87 4 51
3 44 53 44
100 100
77 7 77 81
70 80 51 80
100 100
17 30 17 57
18 93 29 93
100 100
16 44 16 8
27 90 18 90
100 100
39 47 39 43
60 31 68 31
100 100
74 49 74 57
47 80 39 80
100 100
94 39 94 32
18 35 9 35
100 100
4 64 4 82
6 94 11 94
100 100
16 40 16 79
66 90 40 90
100 100
55 39 55 1
19 63 50 63
100 100
96 97 96 60
43 69 0 69
100 100
29 82 29 40
35 19 75 19
100 100
46 10 46 98
40 45 74 45
100 100
5 48 5 6
51 39 29 39
