1000
100 100
20 73 63 31
32 28 76 34
100 100
64 3 19 37
7 87 13 38
100 100
86 32 7 72
30 9 77 41
100 100
36 60 72 6
46 15 24 20
100 100
75 71 57 65
9 8 94 85
100 100
52 90 84 39
75 47 51 41
100 100
10 20 16 53
54 77 10 36
100 100
37 23 34 36
74 59 93 27
100 100
23 73 54 66
56 21 6 29
100 100
18 33 30 88
82 32 39 32
100 100
65 23 21 65
75 95 71 62
100 100
80 97 92 83
10 27 19 79
100 100
59 95 94 80
45 70 56 62
100 100
92 73 16 65
78 20 30 41
100 100
52 91 29 91
61 55 91 60
100 100
29 76 76 51
95 99 86 66
100 100
45 15 55 61
46 28 19 21
100 100
50 6 26 51
68 81 99 87
100 100
50 63 47 49
25 74 52 53
100 100
12 29 3 52
98 13 9 89
100 100
95 61 20 82
49 22 55 38
100 100
4 16 42 74
66 13 6 79
100 100
4 69 32 37
20 98 4 59
100 100
16 17 80 88
75 65 11 89
100 100
92 96 6 75
39 7 23 18
100 100
54 64 19 49
47 27 0 29
100 100
44 46 13 87
62 58 46 67
100 100
41 49 50 85
50 0 99 22
100 100
55 5 18 19
34 26 80 87
100 100
35 19 78 6
84 67 13 41
100 100
79 92 3 5
92 3 43 22
100 100
26 47 79 90
82 29 47 98
100 100
83 74 66 27
95 20 8 67
100 100
80 70 78 66
59 27 37 80
100 100
76 59 30 49
85 85 70 6
100 100
42 86 95 5
72 76 88 58
100 100
71 63 69 34
95 67 42 7
100 100
77 45 68 62
73 29 59 34
100 100
77 8 69 4
69 26 88 69
100 100
92 59 80 58
22 83 25 88
100 100
7 70 95 11
0 71 51 5
100 100
25 39 9 69
0 19 51 21
100 100
56 30 82 38
18 41 0 61
100 100
86 92 6 75
10 76 57 45
100 100
69 94 77 14
75 29 88 88
100 100
67 55 26 43
4 29 59 87
100 100
64 95 96 68
97 70 10 39
100 100
3 9 47 48
23 50 49 69
100 100
41 94 20 17
8 89 66 98
100 100
2 92 69 59
0 39 57 6
100 100
27 54 92 80
14 95 42 23
100 100
27 5 63 59
21 42 81 57
100 100
28 92 10 49
71 25 82 34
100 100
50 51 87 18
91 90 71 90
100 100
25 85 42 2
49 80 31 15
100 100
21 57 3 88
33 5 10 75
100 100
44 12 59 84
81 84 55 49
100 100
68 34 86 34
99 55 53 70
100 100
46 89 18 34
23 28 73 23
100 100
76 18 33 26
90 76 41 68
100 100
60 56 34 82
98 42 42 56
100 100
93 29 22 34
50 60 56 85
100 100
79 92 98 84
70 29 51 57
100 100
6 25 13 91
66 45 62 41
100 100
37 94 6 21
84 1 24 91
100 100
57 69 77 29
26 27 22 56
100 100
45 43 30 96
18 16 70 78
100 100
79 89 99 47
34 53 73 29
100 100
64 32 37 77
89 65 81 40
100 100
88 14 72 9
93 80 97 24
100 100
76 34 95 33
25 60 94 71
100 100
67 49 47 33
18 94 8 24
100 100
64 1 77 7
33 18 57 98
100 100
22 84 64 26
69 8 81 50
100 100
26 42 71 26
28 54 87 88
100 100
95 71 63 68
61 29 94 96
100 100
22 82 46 71
93 17 77 11
100 100
18 93 2 41
27 51 8 13
100 100
20 30 15 27
19 63 42 32
100 100
60 15 57 57
40 8 8 56
100 100
62 64 18 93
70 6 45 63
100 100
80 87 40 7
68 63 65 65
100 100
20 95 38 87
24 30 11 45
100 100
94 97 85 46
49 0 76 14
100 100
15 63 92 43
63 4 40 59
100 100
94 28 16 12
97 64 4 43
100 100
52 81 11 83
89 97 56 93
100 100
5 19 77 99
45 11 65 93
100 100
53 6 37 48
68 26 88 91
100 100
67 49 70 64
62 95 63 38
100 100
38 13 66 53
66 26 62 62
100 100
3 10 54 10
30 5 23 48
100 100
23 59 77 82
32 14 42 62
100 100
23 55 2 32
87 79 51 95
100 100
30 96 5 22
16 4 74 17
100 100
43 26 42 83
73 66 60 2
100 100
53 66 60 11
54 62 8 68
100 100
23 50 69 43
62 37 52 8
100 100
97 58 19 81
10 44 86 98
100 100
35 97 55 35
79 14 14 38
100 100
39 41 52 75
59 31 4 20
100 100
45 85 59 54
35 25 86 31
100 100
49 17 79 21
28 84 15 13
100 100
42 6 22 39
53 91 38 91
100 100
70 30 97 37
98 54 99 74
100 100
0 10 0 16
87 61 64 19
100 100
55 93 54 31
25 78 77 56
100 100
16 81 15 38
65 1 12 67
100 100
21 26 99 14
73 31 99 71
100 100
84 3 39 64
31 85 77 58
100 100
40 69 9 31
15 4 11 25
100 100
19 82 98 5
6 71 34 76
100 100
86 99 8 80
24 58 51 93
100 100
77 20 48 85
12 40 15 13
100 100
60 47 35 44
65 30 95 74
100 100
51 49 70 86
54 89 80 16
100 100
95 99 14 31
72 11 22 11
100 100
87 51 23 69
60 39 50 44
100 100
48 84 76 6
18 74 25 96
100 100
34 39 45 26
61 38 22 91
100 100
65 79 4 23
57 34 29 62
100 100
29 50 55 93
4 56 81 0
100 100
7 41 90 83
94 6 69 9
100 100
74 37 55 3
62 22 95 44
100 100
17 54 58 62
74 32 95 60
100 100
20 96 92 80
44 55 18 66
100 100
40 67 79 71
44 71 14 45
100 100
23 60 65 16
26 99 83 8
100 100
77 25 93 66
34 98 33 35
100 100
77 71 29 7
25 42 52 17
100 100
83 98 54 77
32 62 17 34
100 100
9 61 73 18
30 14 29 64
100 100
98 9 84 3
53 16 61 15
100 100
81 32 59 9
68 55 42 85
100 100
34 42 27 12
30 50 22 2
100 100
70 9 40 59
40 24 37 15
100 100
80 80 64 65
69 85 90 95
100 100
52 29 43 42
65 57 2 3
100 100
45 98 81 60
16 65 83 63
100 100
71 85 82 66
51 86 90 1
100 100
85 87 95 43
62 6 25 84
100 100
24 34 27 68
12 78 84 99
100 100
38 16 74 43
24 95 95 7
100 100
23 81 74 82
18 0 99 85
100 100
81 92 89 39
8 61 57 25
100 100
20 86 44 89
89 0 33 46
100 100
42 59 29 84
15 18 8 47
100 100
45 11 73 1
65 11 24 21
100 100
48 3 67 61
41 58 59 96
100 100
29 8 39 12
22 30 83 71
100 100
94 42 78 4
83 26 18 81
100 100
11 22 78 99
52 51 77 96
100 100
73 43 7 97
13 43 65 31
100 100
88 87 80 36
45 84 8 39
100 100
77 70 89 60
61 98 72 80
100 100
7 89 73 16
71 12 95 26
100 100
34 97 55 16
52 65 52 16
100 100
31 50 79 22
17 65 84 12
100 100
8 33 28 74
81 62 25 25
100 100
38 50 40 13
49 19 51 47
100 100
19 88 23 85
69 9 86 81
100 100
56 55 34 8
15 82 68 77
100 100
91 71 44 22
77 94 15 77
100 100
29 25 28 36
48 2 54 14
100 100
64 44 3 76
5 17 81 95
100 100
56 24 81 99
90 47 92 23
100 100
0 24 99 87
38 8 48 44
100 100
59 98 49 25
99 52 53 25
100 100
78 55 81 69
21 59 71 69
100 100
30 28 96 27
59 92 28 24
100 100
92 78 52 69
33 86 25 45
100 100
62 75 22 61
41 5 2 94
100 100
63 30 25 24
35 32 56 94
100 100
79 55 47 23
30 53 20 23
100 100
65 87 84 10
73 20 81 39
100 100
75 66 59 95
35 29 60 74
100 100
69 32 75 22
70 63 65 83
100 100
98 10 89 35
72 83 24 66
100 100
8 73 81 62
9 41 37 59
100 100
16 23 16 49
0 93 66 80
100 100
83 76 89 53
16 18 43 64
100 100
18 42 68 36
93 85 90 49
100 100
14 53 70 98
17 64 83 52
100 100
28 92 15 10
11 86 26 57
100 100
88 43 23 8
31 84 85 70
100 100
98 60 54 2
90 98 77 32
100 100
19 28 45 20
75 75 66 10
100 100
87 59 35 22
92 45 20 9
100 100
53 66 33 38
20 70 96 74
100 100
83 20 2 22
82 19 97 33
100 100
80 95 60 5
29 77 92 8
100 100
72 2 2 30
3 90 24 80
100 100
21 26 47 77
19 11 77 0
100 100
33 88 95 33
49 12 39 23
100 100
91 67 14 99
67 27 83 24
100 100
13 76 75 5
56 19 97 0
100 100
16 92 38 99
52 44 37 61
100 100
23 97 9 89
48 51 23 99
100 100
74 79 55 56
54 94 3 59
100 100
22 29 96 87
11 70 95 47
100 100
26 74 63 50
73 25 67 31
100 100
15 59 39 11
19 21 71 23
100 100
82 77 91 63
62 28 52 50
100 100
81 21 90 33
16 95 83 37
100 100
50 16 46 69
11 20 98 77
100 100
56 83 3 7
76 64 99 60
100 100
6 94 79 29
81 36 53 60
100 100
0 63 24 67
54 21 55 56
100 100
30 93 20 77
52 73 97 3
100 100
12 97 3 4
79 65 72 61
100 100
15 75 33 61
29 23 74 0
100 100
88 98 91 74
21 79 24 11
100 100
41 2 52 87
76 24 93 48
100 100
55 95 32 45
56 34 68 54
100 100
84 16 57 94
79 56 98 98
100 100
20 34 54 67
85 60 1 92
100 100
14 44 44 92
51 31 83 80
100 100
58 53 74 33
98 41 13 94
100 100
99 79 53 65
39 11 99 56
100 100
32 90 81 25
11 41 60 0
100 100
33 52 81 18
61 97 52 53
100 100
63 11 8 29
18 83 37 48
100 100
33 63 37 64
62 72 34 20
100 100
30 16 1 30
59 31 62 9
100 100
39 85 30 58
5 40 20 52
100 100
22 38 67 74
64 28 14 44
100 100
37 76 9 57
76 73 46 53
100 100
68 77 13 3
57 40 2 31
100 100
24 84 76 29
75 10 51 43
100 100
64 74 57 72
31 22 48 64
100 100
17 14 28 92
13 55 66 18
100 100
50 82 11 50
22 0 53 59
100 100
68 69 48 16
88 50 29 27
100 100
18 72 7 14
81 34 35 73
100 100
78 47 32 11
30 92 26 33
100 100
1 90 95 54
96 30 18 14
100 100
50 48 5 21
94 46 16 89
100 100
98 62 8 36
29 44 87 52
100 100
49 52 43 73
54 90 0 75
100 100
42 31 98 73
68 5 14 46
100 100
22 87 41 31
84 92 64 58
100 100
33 11 79 25
71 2 19 74
100 100
44 6 25 38
73 1 70 22
100 100
54 28 69 34
72 9 69 4
100 100
3 96 45 52
79 77 20 19
100 100
8 12 18 27
0 7 39 88
100 100
71 6 99 62
69 19 74 34
100 100
80 80 56 17
40 76 42 55
100 100
55 70 7 74
91 27 60 7
100 100
71 66 69 55
7 73 44 33
100 100
39 85 72 33
23 40 6 54
100 100
16 82 10 31
27 93 16 69
100 100
42 46 70 53
7 37 5 68
100 100
56 65 55 4
80 61 3 26
100 100
81 42 58 75
79 31 30 75
100 100
39 95 83 78
5 91 4 70
100 100
77 31 42 25
91 5 29 74
100 100
19 83 80 70
89 93 22 99
100 100
8 12 35 72
37 38 94 98
100 100
90 68 55 43
75 6 17 78
100 100
59 39 40 81
31 17 53 32
100 100
75 90 60 24
84 94 11 16
100 100
74 40 48 45
76 25 15 57
100 100
20 1 7 56
9 82 60 17
100 100
34 95 89 18
36 86 57 13
100 100
64 88 8 98
33 50 14 81
100 100
10 40 72 29
81 46 29 54
100 100
86 32 11 71
60 62 25 53
100 100
3 45 4 20
94 39 8 61
100 100
32 77 30 50
19 52 24 45
100 100
14 15 51 4
95 50 75 11
100 100
8 52 76 50
6 15 69 77
100 100
98 42 63 83
33 21 24 83
100 100
22 89 3 84
90 93 93 13
100 100
28 38 66 31
88 10 41 60
100 100
67 98 56 61
9 67 93 99
100 100
16 16 24 77
92 29 88 28
100 100
20 74 80 18
33 16 6 38
100 100
12 9 96 19
89 13 62 67
100 100
87 42 12 79
39 2 75 94
100 100
62 17 85 68
5 48 50 47
100 100
96 75 33 24
94 38 49 36
100 100
76 17 36 24
15 99 14 81
100 100
35 91 16 59
44 22 47 6
100 100
39 39 22 17
46 68 48 67
100 100
70 9 32 0
97 62 83 87
100 100
32 23 18 72
10 59 12 88
100 100
52 51 84 83
26 72 15 95
100 100
65 6 45 15
87 40 61 73
100 100
87 64 22 48
69 46 50 23
100 100
95 80 5 44
74 78 88 40
100 100
55 10 3 61
33 63 96 51
100 100
96 64 12 92
92 99 22 46
100 100
50 63 75 89
52 84 32 46
100 100
57 79 36 72
55 48 38 69
100 100
42 25 10 81
2 52 58 58
100 100
31 39 14 31
0 78 31 18
100 100
5 38 12 38
99 89 87 64
100 100
2 53 0 5
70 56 14 24
100 100
17 60 0 25
29 14 70 46
100 100
4 46 9 66
66 19 92 62
100 100
47 10 9 18
79 36 39 9
100 100
86 82 80 35
91 48 37 13
100 100
60 52 88 72
91 37 43 16
100 100
23 81 23 34
19 38 35 1
100 100
93 39 38 5
80 44 81 99
100 100
75 49 30 30
29 40 68 35
100 100
96 17 1 89
90 45 41 50
100 100
37 69 5 22
67 98 32 70
100 100
38 76 82 90
32 33 75 5
100 100
87 83 1 75
94 12 97 94
100 100
57 60 30 14
16 64 45 75
100 100
56 30 22 63
28 26 44 81
100 100
10 0 41 16
67 26 66 36
100 100
67 90 86 84
11 36 67 43
100 100
65 95 89 77
73 41 31 36
100 100
32 91 51 75
19 96 46 96
100 100
57 92 1 30
11 67 19 94
100 100
86 2 81 17
94 18 13 45
100 100
70 58 71 45
58 80 53 35
100 100
73 20 29 10
75 11 25 77
100 100
0 15 76 51
92 6 65 10
100 100
82 99 23 58
40 95 39 27
100 100
67 75 43 70
96 26 87 42
100 100
45 13 93 51
76 7 74 96
100 100
61 36 33 73
8 31 68 36
100 100
39 65 49 4
47 95 72 47
100 100
35 29 21 17
4 99 48 80
100 100
39 59 86 74
32 19 72 36
100 100
26 11 58 44
58 38 23 94
100 100
71 71 8 6
61 23 2 47
100 100
35 3 29 15
15 62 0 5
100 100
85 38 73 65
83 63 41 48
100 100
22 10 85 71
21 16 31 23
100 100
35 57 80 11
84 55 75 0
100 100
14 89 84 69
67 50 31 18
100 100
78 67 97 9
11 10 0 59
100 100
49 69 91 36
63 43 80 58
100 100
6 37 16 0
53 30 87 23
100 100
11 81 88 97
27 80 88 98
100 100
75 21 90 90
85 69 21 90
100 100
84 49 38 3
90 19 74 94
100 100
90 59 47 39
53 36 59 85
100 100
16 83 70 34
51 95 69 22
100 100
80 65 59 61
40 10 37 72
100 100
75 68 72 2
47 22 91 21
100 100
41 20 43 35
62 41 48 34
100 100
54 29 84 87
15 56 94 74
100 100
10 73 56 47
39 82 64 28
100 100
89 42 49 29
2 1 32 59
100 100
65 3 66 41
23 39 80 74
100 100
88 48 89 51
48 5 96 30
100 100
60 71 68 28
62 43 38 68
100 100
23 76 87 1
11 66 90 8
100 100
11 74 9 92
97 65 5 44
100 100
68 35 32 92
71 6 46 34
100 100
59 97 38 44
80 7 56 11
100 100
64 61 20 59
75 39 34 88
100 100
52 43 55 65
58 33 73 0
100 100
4 51 20 3
48 72 99 96
100 100
24 24 78 41
95 5 31 59
100 100
28 52 13 67
1 21 71 11
100 100
29 60 74 88
77 64 38 38
100 100
10 39 27 52
16 34 93 29
100 100
67 97 63 34
92 56 47 96
100 100
62 23 91 86
26 10 48 76
100 100
59 70 11 42
57 24 77 85
100 100
13 90 57 9
99 18 89 19
100 100
1 61 76 97
27 57 1 9
100 100
96 60 41 72
70 3 34 35
100 100
88 1 54 79
3 98 70 46
100 100
82 46 43 72
41 35 10 92
100 100
57 33 36 51
7 72 4 10
100 100
19 23 2 63
52 49 19 50
100 100
85 18 42 10
48 19 34 76
100 100
73 59 67 90
72 9 20 72
100 100
26 54 92 24
16 57 81 10
100 100
93 93 57 35
36 24 81 0
100 100
50 68 28 70
7 4 28 90
100 100
71 79 13 97
63 68 28 54
100 100
6 65 82 68
19 87 46 12
100 100
61 73 24 12
82 82 83 44
100 100
54 3 10 91
77 49 94 57
100 100
92 13 32 63
26 11 4 53
100 100
89 68 36 92
42 43 6 31
100 100
94 31 74 97
30 32 59 37
100 100
47 89 72 65
74 71 93 90
100 100
43 39 65 39
15 90 77 96
100 100
74 19 96 2
62 45 45 93
100 100
76 83 36 74
5 28 61 48
100 100
47 14 84 39
27 81 65 92
100 100
77 69 25 32
94 20 32 67
100 100
28 35 63 32
28 7 72 17
100 100
92 19 62 38
78 24 63 42
100 100
63 95 95 95
19 45 81 10
100 100
27 71 40 81
24 69 73 4
100 100
67 83 25 21
20 86 51 52
100 100
92 31 55 56
31 21 22 99
100 100
14 37 40 62
72 90 89 24
100 100
18 95 86 6
32 35 95 51
100 100
88 13 48 47
98 47 86 85
100 100
78 4 5 80
59 77 41 25
100 100
62 20 69 83
24 99 22 13
100 100
37 51 69 98
36 53 62 37
100 100
77 81 33 95
79 70 15 90
100 100
84 43 79 32
74 6 11 16
100 100
9 29 6 27
18 63 25 65
100 100
15 40 99 77
93 14 67 13
100 100
66 95 42 15
53 25 17 72
100 100
12 82 8 85
64 13 46 52
100 100
74 80 23 5
12 71 1 91
100 100
8 59 8 20
9 16 91 2
100 100
94 99 14 81
31 6 55 24
100 100
40 77 49 74
78 33 15 99
100 100
14 52 79 24
73 4 86 21
100 100
33 29 55 79
71 41 96 9
100 100
7 36 96 18
62 20 1 7
100 100
0 95 93 0
85 35 58 93
100 100
78 10 36 90
97 60 71 73
100 100
9 30 72 91
47 51 15 68
100 100
44 71 63 46
72 71 91 24
100 100
72 25 35 89
26 72 54 18
100 100
46 4 6 66
77 35 54 17
100 100
45 51 25 44
82 93 99 9
100 100
80 51 57 36
69 96 3 2
100 100
76 3 68 89
92 34 62 53
100 100
33 12 11 4
11 54 13 89
100 100
69 44 37 35
61 10 43 25
100 100
5 76 3 22
19 12 41 21
100 100
73 94 80 48
21 1 66 41
100 100
23 80 62 67
3 96 94 39
100 100
69 55 30 5
12 59 23 3
100 100
41 34 85 83
34 15 76 8
100 100
3 21 93 27
6 72 36 98
100 100
92 74 75 0
73 38 3 84
100 100
72 15 97 45
7 9 79 4
100 100
60 22 3 77
9 87 31 40
100 100
2 97 7 87
88 51 25 48
100 100
51 90 82 98
55 32 25 50
100 100
52 92 29 44
57 50 33 28
100 100
64 50 58 49
94 68 58 64
100 100
3 73 99 65
91 36 41 23
100 100
61 82 55 91
1 61 49 14
100 100
25 30 0 23
98 40 27 2
100 100
78 77 98 55
33 39 70 27
100 100
55 62 77 43
72 46 47 83
100 100
0 55 95 48
73 80 64 44
100 100
35 13 46 34
81 38 39 21
100 100
5 89 67 66
80 66 85 83
100 100
37 99 44 8
15 58 70 55
100 100
13 15 51 32
13 70 18 89
100 100
94 82 0 96
10 56 16 3
100 100
5 23 21 35
62 12 20 92
100 100
73 38 60 75
36 17 88 27
100 100
12 11 77 20
25 84 13 30
100 100
58 99 68 96
49 7 96 43
100 100
44 5 13 57
45 39 26 89
100 100
81 80 67 66
47 40 49 86
100 100
72 71 18 68
95 85 28 32
100 100
60 61 13 80
48 81 90 81
100 100
65 90 4 73
64 0 52 20
100 100
99 59 19 70
7 29 50 44
100 100
6 67 24 99
70 72 83 67
100 100
60 62 40 12
68 36 89 62
100 100
92 54 40 46
66 49 39 19
100 100
22 5 37 32
72 99 9 71
100 100
41 63 22 63
22 64 20 38
100 100
20 28 61 71
50 96 86 18
100 100
75 65 19 60
24 43 84 80
100 100
46 61 32 54
31 86 78 51
100 100
20 11 5 78
14 34 87 31
100 100
37 71 92 3
7 98 54 32
100 100
70 90 75 47
40 25 16 48
100 100
70 65 98 83
19 8 99 56
100 100
81 95 77 83
27 19 62 94
100 100
45 97 79 62
43 13 86 34
100 100
42 93 30 65
18 48 7 37
100 100
89 63 53 83
84 72 46 42
100 100
39 33 33 49
55 8 18 34
100 100
57 87 78 40
10 69 75 39
100 100
79 17 68 43
19 33 57 13
100 100
22 79 65 76
19 38 16 16
100 100
15 48 29 19
95 92 55 5
100 100
2 46 32 17
86 97 73 80
100 100
18 16 47 37
25 11 42 2
100 100
38 24 65 99
71 28 72 48
100 100
18 11 19 11
65 16 64 78
100 100
43 70 67 23
52 32 11 45
100 100
59 21 93 71
79 49 46 63
100 100
66 63 91 13
86 0 75 53
100 100
12 78 36 82
42 88 42 30
100 100
53 45 84 39
37 63 86 12
100 100
55 99 3 73
22 42 40 39
100 100
15 53 32 53
95 54 67 7
100 100
12 68 37 7
86 97 56 35
100 100
19 60 29 43
34 92 48 43
100 100
85 25 2 64
84 5 34 24
100 100
24 8 85 23
30 37 77 96
100 100
18 44 56 70
44 66 41 80
100 100
57 64 15 10
21 74 47 89
100 100
18 12 78 71
11 34 50 81
100 100
33 70 95 49
44 35 25 39
100 100
78 6 30 66
51 43 48 82
100 100
68 98 51 4
51 55 78 71
100 100
65 13 40 23
12 53 76 39
100 100
93 10 12 14
3 10 63 74
100 100
29 37 49 67
65 59 64 85
100 100
84 30 22 11
14 42 45 21
100 100
69 55 25 48
10 10 16 96
100 100
12 60 66 93
74 21 10 29
100 100
39 89 13 76
42 99 34 66
100 100
46 4 47 99
65 17 38 97
100 100
42 83 19 92
21 75 49 62
100 100
19 31 79 80
50 51 42 66
100 100
37 84 83 55
92 35 76 51
100 100
39 46 41 72
35 38 78 22
100 100
20 69 65 53
60 10 8 60
100 100
21 34 72 34
77 71 58 82
100 100
15 30 85 11
15 49 94 12
100 100
74 53 54 57
94 42 9 93
100 100
72 7 3 0
58 38 54 31
100 100
92 22 41 93
72 45 80 8
100 100
55 23 81 35
41 49 36 27
100 100
82 45 23 37
96 98 59 19
100 100
15 36 22 66
42 50 75 75
100 100
28 27 30 9
40 6 64 42
100 100
3 1 73 90
32 22 94 80
100 100
32 58 32 59
84 79 89 86
100 100
90 94 48 99
53 50 83 11
100 100
52 79 90 12
80 55 6 63
100 100
9 5 13 11
74 85 38 67
100 100
83 33 77 24
13 64 61 76
100 100
87 8 59 41
21 89 73 12
100 100
57 9 79 72
36 56 89 54
100 100
13 88 90 28
9 84 11 89
100 100
7 46 48 9
7 11 60 30
100 100
99 30 61 13
58 5 54 27
100 100
21 39 30 50
3 20 61 15
100 100
33 77 88 84
4 81 98 40
100 100
43 40 66 76
53 9 38 31
100 100
7 4 56 69
28 74 57 7
100 100
69 8 37 67
81 47 38 8
100 100
77 61 4 83
73 14 89 75
100 100
20 98 15 61
43 74 16 61
100 100
19 88 9 96
40 85 58 69
100 100
17 98 21 8
49 7 89 0
100 100
11 88 41 45
43 7 5 47
100 100
44 55 40 50
52 56 16 81
100 100
75 78 83 16
68 60 31 53
100 100
83 20 40 59
49 83 8 93
100 100
98 84 27 55
62 1 7 18
100 100
36 37 60 41
26 86 79 14
100 100
20 92 57 23
28 85 86 24
100 100
45 59 1 61
82 75 26 53
100 100
57 55 97 74
50 40 24 45
100 100
89 45 87 78
51 65 13 33
100 100
23 10 90 46
31 65 58 92
100 100
49 99 70 4
29 91 46 12
100 100
88 90 90 58
5 11 69 62
100 100
77 99 79 97
21 90 80 6
100 100
71 49 86 78
18 14 97 86
100 100
50 65 25 39
23 88 16 90
100 100
58 34 75 2
72 57 57 32
100 100
67 96 19 85
87 45 81 26
100 100
48 82 44 29
0 46 72 75
100 100
9 26 92 49
12 52 23 14
100 100
34 0 20 72
63 30 19 71
100 100
41 8 67 38
70 14 41 73
100 100
97 65 93 2
44 6 54 25
100 100
14 6 65 13
32 56 41 39
100 100
30 82 62 83
24 17 75 76
100 100
13 2 17 94
80 10 69 71
100 100
13 20 90 57
33 28 15 83
100 100
19 70 6 95
24 14 65 21
100 100
5 42 65 22
88 77 11 51
100 100
29 43 61 39
44 27 89 71
100 100
4 70 52 74
39 48 24 10
100 100
42 4 83 54
69 88 25 89
100 100
96 3 63 61
99 85 76 44
100 100
72 33 93 81
32 92 60 9
100 100
97 12 11 41
63 25 92 60
100 100
6 86 99 89
33 89 55 75
100 100
37 67 36 17
68 58 39 62
100 100
39 10 31 87
12 99 8 26
100 100
0 75 34 44
17 3 4 87
100 100
32 67 64 78
22 69 93 65
100 100
37 75 89 10
4 99 51 50
100 100
73 41 83 2
5 61 91 29
100 100
24 37 89 98
44 42 24 17
100 100
80 31 81 97
45 20 63 73
100 100
52 67 10 34
36 53 40 12
100 100
75 67 26 61
62 85 0 54
100 100
10 64 9 82
84 37 1 71
100 100
54 67 61 63
51 16 94 10
100 100
92 73 2 97
10 17 2 13
100 100
45 20 57 23
3 9 29 33
100 100
48 28 91 14
77 63 10 25
100 100
93 57 16 31
44 29 1 84
100 100
27 27 87 63
30 26 88 60
100 100
87 7 61 21
7 53 35 93
100 100
83 70 30 15
22 83 19 94
100 100
4 96 38 96
98 54 14 22
100 100
73 86 73 88
65 74 20 62
100 100
42 25 82 33
7 88 24 2
100 100
69 47 3 0
69 5 19 4
100 100
10 98 99 90
83 67 77 90
100 100
93 87 50 92
83 97 94 35
100 100
92 31 91 84
45 29 16 26
100 100
59 1 99 91
73 13 11 51
100 100
93 97 85 72
57 50 9 51
100 100
49 13 60 78
90 46 71 24
100 100
37 64 15 66
65 31 88 82
100 100
90 57 63 54
67 75 52 6
100 100
50 95 33 2
75 7 99 37
100 100
56 1 99 40
95 92 89 11
100 100
4 49 66 52
29 24 25 18
100 100
94 88 11 58
57 20 37 83
100 100
0 28 33 37
19 97 36 69
100 100
56 64 97 33
83 89 52 68
100 100
36 20 11 0
84 98 4 57
100 100
66 22 57 70
14 27 66 14
100 100
56 1 95 42
73 96 45 71
100 100
77 57 25 18
55 83 13 50
100 100
13 75 97 74
0 79 94 39
100 100
49 56 89 6
5 4 53 28
100 100
43 23 66 16
53 62 41 76
100 100
7 47 2 3
43 92 65 42
100 100
3 89 23 82
13 24 58 6
100 100
54 69 2 82
25 34 97 3
100 100
87 58 30 52
74 95 58 61
100 100
38 65 65 95
56 46 0 15
100 100
80 39 81 86
12 45 95 31
100 100
67 35 6 1
9 68 80 54
100 100
35 35 81 41
55 39 76 35
100 100
77 57 13 68
85 77 19 89
100 100
58 55 64 6
72 32 22 84
100 100
7 0 62 35
89 84 20 57
100 100
74 97 87 54
89 27 9 14
100 100
16 68 11 86
63 40 78 7
100 100
9 69 47 19
75 54 39 54
100 100
47 7 28 98
17 5 20 24
100 100
76 19 17 84
87 33 44 51
100 100
79 3 42 19
56 24 55 57
100 100
42 14 91 14
65 81 73 81
100 100
74 91 37 25
56 86 91 54
100 100
13 85 55 34
36 91 15 69
100 100
62 18 72 75
20 18 93 79
100 100
52 53 96 39
20 35 71 1
100 100
0 57 48 67
22 50 62 75
100 100
85 60 6 20
21 66 10 13
100 100
69 96 16 70
65 17 99 42
100 100
9 66 81 83
33 51 37 29
100 100
0 40 91 10
90 4 9 27
100 100
60 1 48 4
57 78 34 0
100 100
98 96 27 24
47 14 75 80
100 100
6 5 71 43
10 76 85 78
100 100
24 78 39 76
59 91 28 46
100 100
73 74 8 13
8 86 5 27
100 100
25 0 73 57
12 6 76 19
100 100
33 82 70 0
89 61 99 18
100 100
93 46 8 26
30 63 84 81
100 100
16 21 48 39
14 82 73 27
100 100
48 17 42 92
38 61 52 76
100 100
37 59 87 2
57 8 28 5
100 100
84 53 74 4
36 0 63 65
100 100
37 66 45 17
86 10 48 94
100 100
16 25 3 54
65 12 54 78
100 100
40 6 69 77
32 24 5 76
100 100
1 73 87 33
73 37 62 6
100 100
58 16 16 46
71 83 6 35
100 100
55 80 62 10
56 23 55 29
100 100
48 50 70 13
31 1 60 22
100 100
94 78 38 76
27 56 50 45
100 100
83 14 6 73
15 82 22 62
100 100
11 22 33 47
27 80 95 24
100 100
12 15 71 20
64 2 95 6
100 100
19 13 52 93
93 87 2 41
100 100
29 31 57 96
42 37 43 4
100 100
55 66 36 25
53 66 63 23
100 100
8 42 54 77
63 91 94 12
100 100
48 35 73 52
57 63 5 48
100 100
64 86 37 9
4 67 20 98
100 100
17 39 85 96
31 8 69 71
100 100
83 17 97 81
52 44 51 69
100 100
44 6 28 65
9 50 84 46
100 100
1 73 47 8
67 82 55 31
100 100
74 96 0 43
60 78 82 54
100 100
68 80 21 3
94 78 22 88
100 100
87 16 97 7
20 84 77 49
100 100
84 97 26 35
92 8 18 18
100 100
50 96 16 39
58 45 70 56
100 100
76 1 26 64
30 21 73 75
100 100
19 40 99 83
24 82 16 29
100 100
29 84 33 90
47 24 70 62
100 100
55 69 71 5
26 30 88 26
100 100
75 0 84 5
31 7 65 4
100 100
25 9 47 0
24 76 18 86
100 100
75 99 54 56
82 36 92 83
100 100
57 70 37 92
22 1 41 87
100 100
75 12 4 55
14 17 50 16
100 100
27 74 75 9
9 43 29 28
100 100
51 7 75 5
65 70 91 47
100 100
86 9 27 3
67 55 37 67
100 100
12 93 13 79
60 8 43 41
100 100
75 1 19 48
25 84 7 55
100 100
90 49 16 2
61 60 63 55
100 100
90 51 50 74
48 19 45 43
100 100
34 36 38 47
42 55 64 37
100 100
2 0 35 39
44 75 95 17
100 100
30 32 98 70
74 31 43 13
100 100
98 31 59 39
42 47 3 56
100 100
46 88 77 32
61 61 26 11
100 100
85 5 82 45
22 86 52 59
100 100
76 86 46 20
50 90 87 92
100 100
38 77 96 85
40 46 48 1
100 100
10 97 1 38
25 35 77 24
100 100
22 27 89 92
25 84 95 36
100 100
26 50 48 70
79 22 30 77
100 100
6 13 88 92
59 64 71 44
100 100
55 7 28 38
57 33 58 52
100 100
4 91 98 19
19 83 67 64
100 100
7 55 48 75
23 25 19 18
100 100
92 36 7 95
20 79 14 11
100 100
99 10 39 39
35 47 92 39
100 100
45 76 25 3
25 45 36 14
100 100
43 0 22 77
57 68 85 74
100 100
97 74 61 56
25 76 46 67
100 100
29 99 56 22
41 36 87 95
100 100
40 98 64 52
30 55 70 41
100 100
2 80 6 79
5 78 45 37
100 100
14 0 87 10
29 80 67 33
100 100
97 18 67 18
51 33 36 28
100 100
18 20 22 24
79 81 71 88
100 100
30 30 38 72
21 43 15 66
100 100
42 37 12 56
9 71 73 7
100 100
27 17 60 14
37 40 13 21
100 100
83 10 25 94
1 85 84 22
100 100
77 77 29 53
33 37 97 72
100 100
13 28 41 62
1 87 45 63
100 100
88 95 98 86
71 96 20 39
100 100
8 17 24 33
50 5 28 28
100 100
82 16 38 69
72 16 54 85
100 100
53 90 81 33
38 91 51 76
100 100
6 37 44 74
28 35 43 60
100 100
18 27 11 19
45 4 2 40
100 100
81 33 59 6
87 93 65 12
100 100
77 82 61 18
45 99 34 22
100 100
44 50 61 67
50 63 81 48
100 100
29 63 4 43
11 64 35 26
100 100
85 0 83 15
15 50 24 2
100 100
3 58 13 80
42 61 21 44
100 100
40 21 96 46
17 73 41 75
100 100
55 46 44 23
21 69 42 17
100 100
45 40 69 77
18 51 5 64
100 100
36 15 7 87
83 29 78 15
100 100
43 18 78 95
71 15 25 78
100 100
59 21 36 14
87 81 55 6
100 100
29 9 2 0
87 4 52 63
100 100
92 17 88 36
91 32 47 51
100 100
7 28 14 83
50 97 25 95
100 100
90 56 59 56
82 38 25 37
100 100
78 54 60 30
84 69 42 12
100 100
85 50 45 92
34 50 67 62
100 100
50 21 97 62
15 13 82 70
100 100
61 38 63 1
54 78 89 56
100 100
62 97 46 86
53 51 43 70
100 100
0 20 46 83
0 2 36 31
100 100
13 96 71 23
17 57 83 64
100 100
22 82 56 2
60 54 73 81
100 100
0 40 33 98
50 16 91 60
100 100
11 87 21 55
84 32 97 4
100 100
19 15 88 50
83 24 14 98
100 100
64 39 55 73
18 53 53 35
100 100
18 14 16 94
81 31 60 57
100 100
25 98 91 98
69 94 10 28
100 100
99 13 98 44
1 88 2 66
100 100
1 23 88 0
98 63 58 36
100 100
62 12 61 1
24 51 49 92
100 100
42 50 56 40
96 66 75 81
100 100
4 60 32 45
85 23 10 86
100 100
35 85 23 8
18 23 99 10
100 100
31 23 32 77
3 13 28 16
100 100
49 85 61 27
69 52 99 79
100 100
78 23 59 52
38 57 90 68
100 100
3 2 67 67
91 2 87 8
100 100
56 82 31 77
65 72 81 65
100 100
69 74 80 73
27 82 81 49
100 100
96 68 96 69
61 41 1 54
100 100
90 97 57 36
22 5 96 65
100 100
29 72 58 86
75 61 43 70
100 100
7 91 3 20
11 8 75 97
100 100
0 26 20 55
85 58 45 95
100 100
7 33 90 51
32 49 48 58
100 100
48 62 20 71
46 93 86 24
100 100
89 30 49 5
96 8 97 80
100 100
99 15 77 33
21 44 63 85
100 100
41 91 68 80
54 47 8 6
100 100
40 13 4 61
88 30 67 35
100 100
86 34 61 7
88 33 22 89
100 100
3 60 12 54
67 71 71 55
100 100
29 76 46 10
6 91 2 11
100 100
18 43 66 35
58 2 60 36
100 100
34 59 54 82
97 90 60 19
100 100
72 63 52 3
0 82 21 41
100 100
92 37 85 71
49 78 77 48
100 100
17 67 11 74
12 81 15 67
100 100
57 15 26 85
38 10 16 85
100 100
14 15 90 70
50 34 68 17
100 100
64 97 65 49
55 96 46 7
100 100
74 55 60 58
90 39 63 59
100 100
95 5 64 12
77 78 88 89
100 100
99 19 33 68
23 76 70 6
100 100
19 77 81 71
95 25 30 69
100 100
25 23 6 45
65 21 70 9
100 100
22 72 69 28
4 67 33 9
100 100
65 21 4 57
59 47 29 43
100 100
51 8 16 97
60 27 80 95
100 100
63 17 73 78
67 80 28 41
100 100
24 11 20 23
26 35 56 99
100 100
33 27 63 62
21 51 61 41
100 100
84 66 36 46
19 11 62 34
100 100
61 55 86 65
23 10 45 86
100 100
22 11 83 4
18 73 60 16
100 100
84 78 32 0
79 23 7 90
100 100
63 16 30 35
9 10 76 63
100 100
12 85 51 10
39 87 16 48
100 100
47 73 6 79
87 72 93 64
100 100
94 34 14 23
60 77 3 63
100 100
61 84 70 70
66 44 49 44
100 100
37 2 31 95
47 50 69 81
100 100
96 57 44 54
30 98 18 65
100 100
2 90 0 57
63 79 91 48
100 100
20 27 88 44
70 16 82 25
100 100
92 79 78 2
44 94 60 79
100 100
24 60 80 55
43 41 45 59
100 100
81 4 29 24
77 9 96 23
100 100
11 50 86 12
27 57 31 19
100 100
96 2 18 12
72 12 93 92
100 100
87 33 44 46
84 90 12 89
100 100
24 42 77 50
10 54 30 68
100 100
24 83 92 14
7 71 94 72
100 100
73 71 81 5
75 49 49 32
100 100
68 65 60 18
58 81 30 62
100 100
46 10 74 57
94 5 84 16
100 100
11 16 14 48
45 85 63 2
100 100
76 90 67 29
29 0 49 15
100 100
40 66 35 28
79 61 24 22
100 100
51 42 16 59
89 42 48 66
100 100
31 12 24 47
50 75 65 45
100 100
17 13 19 83
18 20 10 68
100 100
14 27 57 13
22 48 60 30
100 100
99 66 2 59
0 72 24 13
100 100
50 93 35 95
79 26 89 90
100 100
61 34 65 3
70 77 27 27
100 100
38 21 24 27
42 64 54 9
100 100
7 60 55 43
3 87 27 63
100 100
16 44 8 34
21 78 8 29
100 100
64 14 74 5
57 52 9 93
100 100
2 78 85 26
30 87 17 97
100 100
70 75 69 46
15 64 3 67
100 100
64 48 56 91
79 10 6 5
100 100
75 84 38 42
26 79 61 5
100 100
13 6 42 96
34 37 80 29
100 100
14 74 56 38
29 40 9 64
100 100
50 48 22 95
99 27 27 40
100 100
57 30 33 58
29 95 94 15
100 100
65 32 69 24
1 40 85 65
100 100
54 72 47 6
60 0 43 89
100 100
54 23 51 53
55 14 89 54
100 100
73 52 72 61
91 27 95 65
100 100
52 34 49 44
33 21 79 69
100 100
42 2 95 28
10 3 93 58
100 100
98 92 86 20
93 45 92 89
100 100
29 11 85 0
29 47 81 12
100 100
84 9 75 71
65 43 85 85
100 100
4 33 87 79
51 20 50 71
100 100
56 7 57 57
85 11 2 31
100 100
28 94 52 99
50 64 12 74
100 100
24 87 75 60
94 78 19 37
100 100
13 41 93 58
99 61 53 44
100 100
61 83 58 69
47 56 74 67
100 100
7 71 68 59
90 9 4 72
100 100
3 53 87 51
39 85 83 66
100 100
67 79 80 67
11 84 49 49
100 100
2 48 2 41
71 5 60 45
100 100
41 40 41 74
20 84 77 5
100 100
69 39 74 21
30 30 19 39
100 100
23 75 2 60
40 71 73 4
100 100
65 92 62 27
99 51 76 66
100 100
56 46 75 9
77 12 26 30
100 100
98 27 14 4
38 48 64 9
100 100
91 78 39 91
73 84 76 68
100 100
12 13 46 32
78 17 94 29
100 100
55 12 36 52
83 80 67 99
100 100
41 25 21 57
74 56 97 18
100 100
74 98 70 51
9 26 98 41
100 100
37 97 51 62
81 58 46 67
100 100
18 50 63 69
26 39 92 81
100 100
49 60 19 85
36 95 83 52
100 100
13 90 20 2
62 40 19 71
100 100
79 40 87 52
48 20 48 67
100 100
46 40 11 24
39 54 82 65
100 100
80 42 80 57
71 28 56 85
100 100
33 88 43 91
48 49 69 75
100 100
67 71 4 48
85 98 69 44
100 100
52 50 88 92
21 50 45 69
100 100
9 68 45 63
72 96 67 34
100 100
96 57 55 28
52 63 1 13
100 100
81 70 44 80
46 11 22 22
100 100
63 20 22 50
35 37 11 2
100 100
22 49 10 17
19 10 32 76
100 100
93 14 72 67
50 92 70 4
100 100
49 0 59 5
52 53 13 97
100 100
40 44 98 38
86 9 21 35
100 100
63 17 46 37
91 62 20 2
100 100
47 58 63 14
75 83 46 41
100 100
26 17 14 98
37 55 84 55
100 100
6 8 86 31
75 11 90 21
100 100
4 24 99 2
75 7 55 95
100 100
19 37 12 56
13 19 43 19
100 100
38 55 47 66
10 72 13 42
100 100
40 27 1 24
91 59 46 54
100 100
5 9 43 72
34 30 65 78
100 100
50 56 96 23
27 77 96 73
100 100
44 14 75 21
40 87 92 56
100 100
52 25 2 37
73 88 2 49
100 100
73 58 9 62
84 4 70 91
100 100
40 6 15 44
14 80 72 16
100 100
27 36 85 16
67 38 15 72
100 100
72 10 26 46
22 61 64 23
100 100
65 51 70 19
91 58 57 84
100 100
72 89 23 40
32 29 48 70
100 100
25 21 26 79
18 18 0 69
100 100
64 95 79 92
9 82 18 16
100 100
40 40 13 20
77 57 74 48
100 100
92 29 17 96
0 64 58 83
100 100
61 30 37 69
94 64 49 59
100 100
26 19 55 51
3 30 44 73
100 100
9 19 17 49
78 9 76 82
100 100
47 51 42 54
9 19 21 63
100 100
57 4 44 37
83 61 7 59
100 100
29 35 3 18
76 90 75 92
100 100
32 5 20 8
32 81 83 39
100 100
97 14 2 36
96 9 97 84
100 100
59 0 61 67
66 53 72 31
100 100
12 14 2 52
43 60 21 8
100 100
93 56 81 90
44 10 86 35
100 100
89 81 16 51
52 29 99 29
100 100
44 72 92 88
44 45 19 97
100 100
54 33 10 95
18 81 67 69
100 100
86 31 18 96
34 23 88 52
100 100
90 16 46 92
94 44 2 68
100 100
17 95 83 40
31 17 62 4
100 100
22 11 75 69
91 89 20 14
100 100
34 34 92 91
46 49 3 93
100 100
42 99 26 14
86 12 35 54
100 100
58 79 50 73
84 2 91 22
100 100
33 31 74 62
15 37 60 6
100 100
26 79 6 50
42 99 52 95
100 100
0 29 55 57
88 27 41 7
100 100
43 39 33 45
39 63 80 70
100 100
0 10 85 40
14 49 74 44
100 100
99 52 86 6
74 35 17 66
100 100
28 19 75 69
72 99 14 87
100 100
79 64 94 70
87 80 67 52
100 100
79 8 60 28
12 78 79 10
100 100
66 68 48 24
25 9 65 54
100 100
64 39 36 57
93 69 54 85
100 100
92 92 69 87
1 86 15 92
100 100
34 90 15 68
69 5 22 36
100 100
39 4 66 3
50 28 8 64
100 100
46 91 7 26
26 72 87 70
100 100
13 34 82 42
63 3 4 18
100 100
85 4 78 89
62 33 7 53
100 100
32 58 71 29
64 94 65 78
100 100
70 38 64 86
41 40 4 27
100 100
31 87 5 58
64 0 27 5
100 100
14 12 92 4
2 41 25 82
100 100
7 29 75 50
80 42 43 64
100 100
74 81 31 87
21 40 69 80
100 100
2 2 70 46
79 67 26 12
100 100
71 39 56 74
59 19 22 62
100 100
33 18 4 51
52 4 32 66
100 100
65 49 67 89
67 74 82 48
100 100
84 76 86 54
28 1 87 52
100 100
0 54 31 24
0 2 86 69
100 100
12 32 33 8
53 84 80 5
100 100
70 63 23 34
33 61 68 75
100 100
87 87 56 99
80 82 97 85
100 100
60 82 42 61
97 82 36 74
100 100
67 28 20 93
58 19 85 57
100 100
7 61 75 35
41 80 68 20
100 100
16 64 13 4
27 47 65 68
100 100
44 2 99 76
89 69 23 1
100 100
77 85 83 49
73 67 27 70
100 100
61 45 57 56
45 35 95 12
100 100
92 11 19 43
55 80 85 6
100 100
72 91 40 81
82 23 57 87
100 100
56 15 1 27
70 88 17 30
100 100
96 74 11 51
26 62 19 23
