1000
1000 1000
382 882 925 233
888 836 388 280
1000 1000
497 614 45 316
583 668 274 137
1000 1000
65 849 59 140
26 933 329 991
1000 1000
753 831 824 176
376 2 28 765
1000 1000
68 826 222 474
701 771 240 900
1000 1000
262 366 151 338
319 385 449 896
1000 1000
556 360 460 525
165 493 421 725
1000 1000
85 113 459 734
776 920 930 861
1000 1000
22 58 685 630
53 237 481 987
1000 1000
831 959 987 854
218 431 835 520
1000 1000
869 451 205 123
369 668 494 2
1000 1000
476 654 381 349
561 761 647 5
1000 1000
539 204 734 858
450 446 767 664
1000 1000
619 629 439 572
990 572 828 926
1000 1000
836 955 4 609
96 20 639 733
1000 1000
702 836 707 489
793 170 752 969
1000 1000
721 926 513 620
279 867 455 818
1000 1000
987 980 548 39
504 361 659 255
1000 1000
68 156 797 345
340 23 822 750
1000 1000
915 270 749 908
172 795 301 417
1000 1000
596 973 678 605
334 868 946 96
1000 1000
131 355 928 608
663 312 730 174
1000 1000
56 999 913 102
467 986 740 651
1000 1000
122 349 303 253
822 336 825 346
1000 1000
403 661 865 813
693 88 591 367
1000 1000
446 527 488 900
660 527 206 406
1000 1000
383 697 661 585
348 776 704 264
1000 1000
851 835 60 228
529 408 381 180
1000 1000
814 572 631 236
100 265 234 131
1000 1000
306 37 900 7
490 287 487 284
1000 1000
545 607 310 553
660 949 928 445
1000 1000
473 198 99 47
600 50 950 584
1000 1000
409 835 778 541
979 371 279 557
1000 1000
319 333 643 150
194 213 991 756
1000 1000
315 553 691 620
576 902 540 911
1000 1000
951 149 317 924
681 880 682 5
1000 1000
207 293 206 442
650 218 493 662
1000 1000
62 921 259 734
507 155 712 460
1000 1000
431 82 129 857
903 930 436 435
1000 1000
722 845 362 495
110 58 726 312
1000 1000
200 518 484 341
666 396 405 23
1000 1000
339 173 835 374
316 379 686 541
1000 1000
135 799 419 610
869 524 656 77
1000 1000
290 975 40 71
989 482 248 158
1000 1000
995 270 443 606
236 6 576 440
1000 1000
610 50 503 941
459 950 246 0
1000 1000
900 39 100 428
73 141 642 183
1000 1000
48 903 47 223
447 10 487 391
1000 1000
411 13 869 154
910 532 631 513
1000 1000
736 624 28 781
633 743 345 776
1000 1000
465 911 748 427
762 76 593 364
1000 1000
48 110 624 655
994 114 150 169
1000 1000
280 672 538 957
592 738 725 772
1000 1000
416 251 214 722
506 668 617 357
1000 1000
725 293 455 376
309 336 516 214
1000 1000
187 656 671 833
28 61 422 883
1000 1000
836 476 885 782
314 174 623 789
1000 1000
996 294 244 8
493 697 705 128
1000 1000
667 988 992 333
481 843 327 113
1000 1000
470 605 550 689
673 843 492 689
1000 1000
967 754 946 443
57 587 933 943
1000 1000
376 252 134 566
643 51 407 411
1000 1000
715 537 185 750
187 146 842 562
1000 1000
865 915 430 645
669 334 434 743
1000 1000
212 964 394 686
526 963 885 407
1000 1000
408 386 997 874
48 407 474 115
1000 1000
275 458 820 423
43 855 748 85
1000 1000
338 308 464 674
688 385 773 382
1000 1000
877 452 104 763
369 836 283 72
1000 1000
689 9 958 239
153 298 64 922
1000 1000
115 996 739 138
500 567 451 158
1000 1000
419 334 807 591
180 140 75 225
1000 1000
950 846 851 862
718 203 367 775
1000 1000
356 701 256 23
678 373 293 967
1000 1000
817 704 283 105
877 265 677 732
1000 1000
397 671 140 990
629 471 746 919
1000 1000
527 143 545 344
964 555 267 815
1000 1000
293 802 804 869
592 887 210 554
1000 1000
434 743 599 766
563 10 718 47
1000 1000
180 734 973 678
196 402 329 711
1000 1000
338 294 407 824
712 641 570 950
1000 1000
163 193 0 588
998 15 705 647
1000 1000
254 187 459 399
975 634 369 689
1000 1000
724 54 233 369
339 687 723 560
1000 1000
406 894 314 288
264 798 442 661
1000 1000
767 929 746 642
647 494 279 376
1000 1000
915 38 148 836
686 110 927 251
1000 1000
710 842 316 935
165 531 40 356
1000 1000
388 556 579 394
476 285 496 472
1000 1000
739 847 710 553
90 215 146 784
1000 1000
697 797 267 461
307 104 111 531
1000 1000
318 823 959 482
685 395 895 545
1000 1000
516 274 738 328
529 898 135 277
1000 1000
192 678 479 868
109 962 899 228
1000 1000
35 584 34 422
593 182 724 377
1000 1000
987 49 159 216
663 267 292 887
1000 1000
557 560 631 838
55 512 79 488
1000 1000
20 612 189 514
547 706 107 616
1000 1000
676 637 205 44
84 793 874 400
1000 1000
878 206 507 232
366 537 858 949
1000 1000
574 534 32 47
541 814 285 321
1000 1000
671 354 61 618
461 157 832 857
1000 1000
964 710 728 843
476 986 556 358
1000 1000
526 180 743 341
7 496 683 424
1000 1000
492 164 175 553
605 642 560 216
1000 1000
134 54 222 683
696 974 360 394
1000 1000
195 133 279 486
904 575 785 534
1000 1000
666 558 433 886
341 196 783 744
1000 1000
817 999 846 546
187 82 692 58
1000 1000
312 720 394 56
266 499 619 4
1000 1000
518 421 906 569
428 719 442 216
1000 1000
479 365 500 839
696 501 908 285
1000 1000
431 886 238 800
895 865 936 720
1000 1000
153 889 557 192
342 292 149 923
1000 1000
719 515 945 869
57 196 398 487
1000 1000
506 353 307 66
639 115 230 756
1000 1000
371 912 327 584
352 397 594 129
1000 1000
845 546 803 919
886 26 728 564
1000 1000
794 39 898 760
322 588 168 321
1000 1000
67 427 572 292
222 947 198 963
1000 1000
48 583 650 848
141 619 255 209
1000 1000
518 166 204 573
710 632 495 390
1000 1000
347 237 346 221
511 427 641 91
1000 1000
329 742 863 968
935 286 932 79
1000 1000
672 835 396 507
947 616 175 400
1000 1000
361 164 155 847
507 843 351 67
1000 1000
692 907 193 509
540 1 52 982
1000 1000
400 651 537 519
621 229 860 643
1000 1000
788 186 73 471
264 418 143 374
1000 1000
441 326 394 744
310 848 475 520
1000 1000
703 674 995 972
685 21 287 119
1000 1000
33 630 319 59
64 685 750 857
1000 1000
315 327 949 146
999 811 168 576
1000 1000
57 462 655 952
906 234 225 835
1000 1000
911 627 980 411
979 802 964 663
1000 1000
155 732 713 782
566 461 765 746
1000 1000
51 109 375 458
253 855 143 144
1000 1000
836 414 536 836
836 150 964 687
1000 1000
383 887 897 168
736 740 362 79
1000 1000
103 182 806 271
70 993 941 741
1000 1000
281 899 271 493
336 543 106 73
1000 1000
201 859 51 566
743 210 556 321
1000 1000
996 798 544 965
475 173 107 8
1000 1000
516 220 150 399
821 163 297 252
1000 1000
757 736 686 299
161 374 767 149
1000 1000
397 717 841 452
646 345 813 515
1000 1000
308 216 415 498
430 113 106 120
1000 1000
944 861 522 266
489 69 13 201
1000 1000
132 855 904 415
610 916 616 499
1000 1000
874 514 658 967
778 903 25 831
1000 1000
849 554 527 802
681 785 0 108
1000 1000
349 946 169 563
419 778 588 884
1000 1000
822 473 875 278
878 934 832 20
1000 1000
114 760 725 85
887 201 573 576
1000 1000
657 855 447 916
240 935 388 338
1000 1000
839 779 636 62
48 848 839 426
1000 1000
605 431 188 510
755 514 306 862
1000 1000
646 392 978 66
416 153 223 150
1000 1000
447 41 527 98
564 399 841 375
1000 1000
726 768 723 280
830 700 827 498
1000 1000
780 598 934 209
138 890 227 461
1000 1000
895 994 571 953
397 102 732 546
1000 1000
83 852 698 692
316 527 611 125
1000 1000
134 53 716 14
582 721 969 394
1000 1000
599 806 235 246
844 150 984 9
1000 1000
445 737 170 732
551 768 49 226
1000 1000
527 802 481 280
516 282 538 962
1000 1000
706 928 497 718
586 580 406 49
1000 1000
384 381 42 804
690 31 390 860
1000 1000
855 937 810 611
185 433 699 746
1000 1000
45 430 390 311
495 319 682 258
1000 1000
319 94 337 213
117 631 38 254
1000 1000
315 988 932 911
587 70 432 601
1000 1000
295 831 275 900
432 141 869 890
1000 1000
558 514 11 276
977 708 658 638
1000 1000
19 908 87 672
866 216 623 512
1000 1000
424 633 604 172
419 485 203 451
1000 1000
12 323 163 725
687 947 639 758
1000 1000
195 247 625 380
79 818 614 664
1000 1000
89 863 130 693
745 297 671 72
1000 1000
545 122 300 591
682 624 323 536
1000 1000
660 444 781 750
248 377 948 333
1000 1000
431 143 979 368
186 70 845 313
1000 1000
124 668 89 366
23 667 41 782
1000 1000
501 349 309 964
802 749 423 643
1000 1000
685 769 438 491
209 2 671 236
1000 1000
991 212 101 398
855 464 801 876
1000 1000
89 371 239 167
830 730 104 123
1000 1000
701 96 766 691
364 58 497 498
1000 1000
542 382 822 478
417 244 26 571
1000 1000
980 778 426 483
918 711 418 848
1000 1000
360 999 526 879
202 998 219 688
1000 1000
329 490 169 15
832 535 643 774
1000 1000
906 248 2 154
210 996 55 804
1000 1000
636 51 541 6
791 629 147 3
1000 1000
489 150 429 759
210 707 152 318
1000 1000
454 622 841 186
305 557 556 749
1000 1000
1 396 473 34
403 516 45 639
1000 1000
953 194 902 602
538 894 3 586
1000 1000
157 116 825 358
833 635 12 893
1000 1000
317 842 449 713
654 776 124 362
1000 1000
595 531 467 368
733 81 339 281
1000 1000
815 397 394 784
488 254 705 252
1000 1000
309 234 110 516
196 68 565 912
1000 1000
580 295 143 128
642 417 93 746
1000 1000
664 122 656 606
605 811 811 655
1000 1000
463 105 677 748
828 587 185 275
1000 1000
675 887 723 680
417 622 299 957
1000 1000
831 960 808 853
578 493 111 698
1000 1000
479 489 123 752
626 318 79 800
1000 1000
786 699 275 658
790 48 605 38
1000 1000
69 979 933 990
904 786 245 373
1000 1000
910 898 223 736
884 882 336 940
1000 1000
175 685 199 386
991 95 888 703
1000 1000
385 63 842 680
756 297 534 116
1000 1000
27 683 178 588
364 704 962 61
1000 1000
767 130 502 468
761 396 623 400
1000 1000
495 285 354 629
617 324 648 454
1000 1000
332 935 97 229
155 113 645 431
1000 1000
761 135 575 72
720 366 438 386
1000 1000
155 460 168 948
770 804 192 539
1000 1000
923 814 642 916
63 311 406 709
1000 1000
529 428 771 57
205 164 974 788
1000 1000
10 750 54 455
772 733 545 687
1000 1000
718 550 507 626
858 73 187 369
1000 1000
961 557 627 461
558 203 382 101
1000 1000
999 803 978 849
325 11 15 512
1000 1000
633 668 588 567
609 347 49 92
1000 1000
230 220 35 694
487 23 814 528
1000 1000
962 403 885 860
539 956 981 54
1000 1000
82 93 9 279
915 497 371 939
1000 1000
36 572 692 427
108 677 766 837
1000 1000
954 598 202 648
606 849 426 965
1000 1000
970 749 412 184
692 700 35 552
1000 1000
728 200 695 289
239 720 748 249
1000 1000
541 137 395 666
70 70 835 579
1000 1000
887 50 978 695
950 739 767 940
1000 1000
841 389 492 120
279 78 421 584
1000 1000
547 450 605 734
9 953 926 265
1000 1000
613 174 536 955
568 290 325 522
1000 1000
965 803 262 944
693 935 957 389
1000 1000
465 749 306 541
640 733 416 304
1000 1000
81 623 187 154
428 12 959 750
1000 1000
426 889 226 664
857 912 588 563
1000 1000
841 327 294 744
236 314 889 535
1000 1000
678 575 913 347
49 401 206 233
1000 1000
397 417 102 217
686 676 278 642
1000 1000
60 315 146 194
571 324 630 874
1000 1000
411 949 248 239
578 746 405 20
1000 1000
535 813 836 631
745 95 56 271
1000 1000
485 272 691 238
551 62 953 39
1000 1000
763 472 783 606
842 621 888 588
1000 1000
484 780 952 785
0 50 223 983
1000 1000
81 118 708 53
776 331 376 660
1000 1000
226 180 10 249
706 345 286 446
1000 1000
129 837 196 350
766 305 898 1
1000 1000
579 542 914 521
275 7 251 129
1000 1000
783 36 803 4
378 468 970 835
1000 1000
709 12 932 313
212 955 15 432
1000 1000
758 936 500 486
34 467 354 135
1000 1000
198 252 299 809
54 632 359 994
1000 1000
290 463 269 952
217 886 139 385
1000 1000
859 205 672 311
595 782 39 222
1000 1000
8 10 75 776
578 220 805 715
1000 1000
51 335 191 878
875 46 689 490
1000 1000
171 448 285 457
360 443 629 170
1000 1000
83 243 370 637
970 454 34 355
1000 1000
147 88 423 445
371 596 302 913
1000 1000
648 237 874 411
103 183 749 673
1000 1000
209 284 157 861
226 247 838 542
1000 1000
69 727 15 13
814 186 986 651
1000 1000
937 10 162 295
49 722 563 96
1000 1000
795 869 79 738
441 320 15 663
1000 1000
404 705 453 556
743 383 959 46
1000 1000
784 502 340 129
276 723 685 953
1000 1000
790 106 221 603
902 290 230 771
1000 1000
160 704 457 992
671 485 694 518
1000 1000
437 510 123 553
223 864 153 765
1000 1000
83 756 699 818
658 769 156 176
1000 1000
658 141 158 954
338 159 361 268
1000 1000
53 445 874 705
630 958 351 947
1000 1000
289 752 316 977
291 521 150 648
1000 1000
299 868 650 19
220 670 440 269
1000 1000
333 732 34 148
637 842 818 246
1000 1000
48 486 109 816
604 140 52 548
1000 1000
32 730 741 828
413 923 19 316
1000 1000
128 338 449 515
215 269 433 909
1000 1000
518 17 453 971
176 595 574 246
1000 1000
866 512 586 580
507 183 826 976
1000 1000
50 54 238 289
867 958 514 175
1000 1000
379 325 137 460
167 780 579 502
1000 1000
35 979 436 108
386 105 36 62
1000 1000
923 886 591 462
759 813 531 370
1000 1000
384 335 851 737
366 331 426 304
1000 1000
421 178 279 569
368 464 677 996
1000 1000
891 373 510 663
268 169 966 814
1000 1000
402 606 479 613
152 430 835 719
1000 1000
815 789 547 428
925 810 458 248
1000 1000
419 21 926 814
328 958 931 990
1000 1000
248 953 181 293
547 412 955 34
1000 1000
240 201 119 293
826 346 331 983
1000 1000
137 115 33 819
67 313 969 983
1000 1000
946 275 136 969
942 900 196 794
1000 1000
757 786 512 54
217 689 91 859
1000 1000
632 668 876 86
396 585 411 852
1000 1000
545 421 619 524
609 611 619 387
1000 1000
553 884 140 598
224 106 480 682
1000 1000
500 961 970 554
301 203 775 237
1000 1000
467 414 853 300
834 8 169 14
1000 1000
787 523 622 205
783 858 485 839
1000 1000
829 816 692 616
295 871 556 729
1000 1000
951 980 471 846
177 875 611 376
1000 1000
257 344 700 492
728 812 338 797
1000 1000
651 71 210 364
499 355 826 878
1000 1000
197 954 822 99
494 101 332 26
1000 1000
746 323 956 738
246 649 893 200
1000 1000
210 540 157 16
969 814 443 68
1000 1000
169 119 620 20
637 21 689 334
1000 1000
200 477 123 407
563 358 279 608
1000 1000
685 255 947 105
890 307 245 103
1000 1000
597 811 928 363
71 9 666 789
1000 1000
83 468 777 118
263 851 610 821
1000 1000
189 222 249 490
507 854 111 699
1000 1000
692 89 936 893
853 240 937 381
1000 1000
308 933 274 666
458 639 644 159
1000 1000
370 563 7 797
478 703 440 410
1000 1000
745 813 282 273
738 935 544 669
1000 1000
425 165 707 27
87 881 716 190
1000 1000
236 735 222 668
78 708 500 424
1000 1000
302 103 724 699
112 467 773 155
1000 1000
393 311 35 954
736 515 136 214
1000 1000
796 790 317 215
660 184 59 550
1000 1000
811 824 826 369
609 586 815 768
1000 1000
422 49 636 688
74 53 230 348
1000 1000
63 270 696 37
418 658 874 846
1000 1000
714 487 868 132
482 60 127 389
1000 1000
289 257 444 427
289 604 81 644
1000 1000
623 546 974 720
624 543 290 679
1000 1000
601 690 185 797
898 769 430 132
1000 1000
930 117 354 978
629 781 26 119
1000 1000
884 108 701 500
157 527 201 727
1000 1000
464 156 721 192
513 846 996 412
1000 1000
686 609 205 518
388 785 984 102
1000 1000
942 140 199 15
474 828 405 410
1000 1000
250 712 695 534
179 130 709 588
1000 1000
998 68 136 873
363 773 149 810
1000 1000
577 79 401 216
708 3 173 533
1000 1000
627 219 577 112
671 762 879 752
1000 1000
340 128 39 971
451 29 152 747
1000 1000
482 924 533 448
24 11 72 850
1000 1000
57 789 126 900
244 659 421 964
1000 1000
840 97 36 111
486 995 778 904
1000 1000
888 686 754 327
830 676 529 858
1000 1000
637 652 922 924
718 21 90 916
1000 1000
923 219 230 888
383 479 508 660
1000 1000
304 675 441 744
74 473 102 169
1000 1000
975 562 703 168
304 277 798 50
1000 1000
242 913 681 328
957 748 925 164
1000 1000
931 156 252 760
331 737 844 300
1000 1000
86 601 734 709
189 914 126 445
1000 1000
392 853 756 31
436 162 744 178
1000 1000
410 932 618 234
684 498 743 832
1000 1000
93 491 463 788
733 826 46 71
1000 1000
126 561 70 620
27 899 758 96
1000 1000
751 19 385 303
196 726 783 703
1000 1000
153 380 214 456
591 939 511 398
1000 1000
985 688 385 915
251 409 779 814
1000 1000
371 487 397 103
268 553 354 57
1000 1000
38 160 91 619
157 72 706 254
1000 1000
529 435 18 723
26 118 452 657
1000 1000
35 450 674 938
756 831 225 376
1000 1000
816 259 961 466
312 782 29 297
1000 1000
71 682 217 976
961 112 376 524
1000 1000
71 102 595 671
137 317 847 822
1000 1000
213 51 761 24
398 43 132 308
1000 1000
348 414 707 257
753 768 196 143
1000 1000
904 134 454 34
383 494 92 828
1000 1000
109 770 846 485
799 277 763 823
1000 1000
493 306 133 985
923 159 723 179
1000 1000
444 91 171 388
448 962 39 515
1000 1000
753 591 469 878
185 983 927 53
1000 1000
745 564 380 442
306 367 750 567
1000 1000
324 568 968 213
977 595 917 641
1000 1000
896 288 692 399
22 120 97 287
1000 1000
661 615 98 269
20 814 66 199
1000 1000
983 333 963 349
822 50 279 927
1000 1000
122 598 410 561
88 472 477 78
1000 1000
214 138 621 781
104 313 970 657
1000 1000
578 559 105 994
338 396 773 404
1000 1000
322 959 63 287
711 919 137 287
1000 1000
376 134 141 241
988 241 185 649
1000 1000
682 837 291 141
440 84 81 655
1000 1000
291 473 638 509
914 304 159 244
1000 1000
610 385 153 515
380 870 769 901
1000 1000
747 129 258 713
623 949 104 526
1000 1000
926 224 596 920
366 27 670 314
1000 1000
271 139 138 958
870 313 108 815
1000 1000
969 130 359 608
407 725 970 791
1000 1000
254 235 705 273
871 107 740 19
1000 1000
75 296 52 508
548 898 662 603
1000 1000
782 891 375 479
563 90 120 532
1000 1000
128 214 184 965
537 387 617 11
1000 1000
769 932 641 6
32 617 654 691
1000 1000
602 836 189 47
698 592 967 910
1000 1000
237 446 675 479
133 577 616 906
1000 1000
739 973 471 521
440 220 435 296
1000 1000
698 957 761 244
253 713 683 340
1000 1000
934 970 184 790
246 339 498 765
1000 1000
577 765 80 262
368 41 301 145
1000 1000
325 961 542 731
785 600 466 598
1000 1000
253 937 324 157
672 598 786 577
1000 1000
735 855 731 908
427 488 103 449
1000 1000
379 447 824 731
231 878 879 402
1000 1000
983 10 238 431
213 251 4 693
1000 1000
241 449 479 711
496 566 181 686
1000 1000
758 782 774 400
22 844 616 591
1000 1000
260 344 669 238
560 722 162 735
1000 1000
14 568 298 231
760 283 515 532
1000 1000
717 152 119 562
146 970 671 267
1000 1000
532 401 303 652
40 402 230 611
1000 1000
481 867 924 250
761 497 575 249
1000 1000
580 794 31 780
276 758 318 904
1000 1000
626 628 875 408
705 334 95 166
1000 1000
404 22 809 774
561 293 803 887
1000 1000
561 587 388 509
904 198 269 50
1000 1000
10 70 781 732
333 777 85 641
1000 1000
200 591 132 700
830 355 562 2
1000 1000
597 384 787 342
842 973 110 8
1000 1000
396 873 269 383
965 96 238 934
1000 1000
289 714 141 348
905 166 473 108
1000 1000
488 353 271 375
977 785 843 497
1000 1000
791 268 537 209
798 70 949 501
1000 1000
648 480 758 125
929 696 812 265
1000 1000
709 198 485 103
396 265 287 27
1000 1000
798 202 48 785
880 860 114 460
1000 1000
371 331 832 830
116 173 800 773
1000 1000
979 180 96 909
845 721 344 106
1000 1000
5 778 628 990
254 966 837 415
1000 1000
280 838 16 304
527 905 410 354
1000 1000
430 880 829 999
384 325 179 437
1000 1000
659 136 610 232
714 322 674 989
1000 1000
733 823 238 400
870 720 775 5
1000 1000
89 242 332 889
288 477 296 515
1000 1000
136 308 798 893
149 224 101 917
1000 1000
229 219 959 758
507 260 575 253
1000 1000
26 951 890 40
598 522 676 777
1000 1000
382 576 27 518
306 897 883 892
1000 1000
678 963 381 968
891 151 580 19
1000 1000
750 154 306 971
917 540 639 557
1000 1000
883 535 144 213
796 909 436 245
1000 1000
469 250 658 671
600 462 390 325
1000 1000
384 786 892 170
731 420 703 536
1000 1000
438 508 228 982
254 46 546 811
1000 1000
19 694 301 49
195 138 175 147
1000 1000
634 130 511 455
80 712 837 766
1000 1000
287 453 27 333
513 503 879 657
1000 1000
526 74 18 555
34 622 963 178
1000 1000
675 711 548 877
718 433 975 765
1000 1000
406 41 556 686
57 568 429 580
1000 1000
302 278 310 232
279 60 707 528
1000 1000
637 629 576 613
484 149 390 789
1000 1000
171 39 90 89
549 385 742 605
1000 1000
533 583 827 368
144 684 844 709
1000 1000
770 936 643 887
874 152 606 992
1000 1000
955 241 607 731
149 482 933 412
1000 1000
188 813 643 476
945 459 919 272
1000 1000
426 401 61 148
285 693 777 475
1000 1000
903 764 438 783
483 38 393 716
1000 1000
592 982 910 234
279 272 68 475
1000 1000
650 905 956 363
417 353 794 813
1000 1000
697 164 114 635
818 202 101 608
1000 1000
177 844 347 814
872 159 117 201
1000 1000
956 752 993 612
809 242 193 550
1000 1000
551 24 89 94
879 974 854 960
1000 1000
441 607 302 273
291 117 733 319
1000 1000
565 758 353 974
854 889 719 323
1000 1000
639 434 867 885
261 328 681 349
1000 1000
855 700 655 85
627 524 978 529
1000 1000
73 496 958 634
974 821 846 361
1000 1000
288 2 928 347
754 78 334 219
1000 1000
999 673 556 344
685 181 779 413
1000 1000
942 143 523 892
321 892 358 294
1000 1000
12 988 264 760
775 582 940 593
1000 1000
689 978 319 180
652 475 545 796
1000 1000
222 298 868 878
956 594 336 159
1000 1000
527 840 305 927
354 101 676 243
1000 1000
295 502 849 260
127 993 880 144
1000 1000
993 237 187 454
929 910 847 40
1000 1000
205 123 893 346
201 602 53 992
1000 1000
631 805 734 379
398 291 419 674
1000 1000
410 214 761 289
106 981 720 401
1000 1000
728 293 952 384
102 599 82 417
1000 1000
72 593 262 539
358 439 326 889
1000 1000
213 978 493 934
636 916 284 163
1000 1000
24 958 150 556
126 373 279 907
1000 1000
552 963 324 176
144 527 802 764
1000 1000
642 43 754 456
188 936 402 564
1000 1000
235 843 679 957
251 657 232 584
1000 1000
728 172 982 984
901 334 773 152
1000 1000
551 465 845 45
52 635 46 840
1000 1000
168 30 501 564
580 364 49 566
1000 1000
488 5 169 330
201 649 675 737
1000 1000
960 582 327 448
316 301 334 766
1000 1000
639 289 248 591
536 527 411 819
1000 1000
708 229 165 466
107 980 702 688
1000 1000
131 912 508 893
170 562 55 754
1000 1000
197 627 918 274
239 20 900 607
1000 1000
875 858 836 616
658 912 863 24
1000 1000
93 615 652 839
383 726 264 316
1000 1000
555 438 224 962
815 702 906 79
1000 1000
82 584 866 765
974 298 709 100
1000 1000
254 747 90 984
56 441 534 126
1000 1000
899 404 481 551
656 214 522 229
1000 1000
464 609 867 602
222 445 560 486
1000 1000
450 876 19 712
541 588 930 35
1000 1000
505 459 804 29
295 403 342 911
1000 1000
111 717 652 457
460 555 918 447
1000 1000
465 266 128 424
281 379 358 699
1000 1000
572 240 100 363
204 558 71 691
1000 1000
881 556 325 498
646 440 819 6
1000 1000
143 735 824 900
586 145 597 488
1000 1000
450 480 432 885
695 356 529 884
1000 1000
146 94 908 969
219 969 527 108
1000 1000
609 405 92 532
158 729 984 401
1000 1000
502 275 595 848
940 763 998 3
1000 1000
151 746 46 714
502 140 707 436
1000 1000
8 207 513 279
411 183 464 662
1000 1000
173 549 960 333
327 566 614 276
1000 1000
261 586 660 242
659 918 712 187
1000 1000
298 951 425 778
770 105 3 261
1000 1000
373 35 330 418
854 201 396 167
1000 1000
49 482 942 547
579 296 86 521
1000 1000
234 52 963 337
689 439 331 41
1000 1000
342 41 139 274
122 172 961 650
1000 1000
151 212 892 233
827 478 236 27
1000 1000
591 94 710 817
25 287 737 230
1000 1000
87 246 814 802
628 26 334 197
1000 1000
513 414 383 289
791 74 699 58
1000 1000
775 713 581 483
610 575 284 886
1000 1000
385 587 878 236
293 813 117 384
1000 1000
224 245 636 448
57 512 411 945
1000 1000
64 601 47 100
810 505 468 612
1000 1000
961 21 887 918
545 57 684 230
1000 1000
273 190 948 846
633 618 96 294
1000 1000
52 709 640 280
452 727 145 835
1000 1000
248 197 840 929
963 486 706 841
1000 1000
737 519 414 648
229 828 876 507
1000 1000
980 582 114 601
125 45 109 266
1000 1000
163 916 233 440
530 454 529 652
1000 1000
553 555 492 694
986 7 569 962
1000 1000
75 680 460 373
738 314 727 841
1000 1000
620 830 628 421
99 639 578 251
1000 1000
732 203 467 528
296 312 812 93
1000 1000
174 953 845 681
300 536 76 736
1000 1000
425 811 204 960
824 621 755 455
1000 1000
178 58 547 586
267 549 284 787
1000 1000
634 119 319 327
392 36 387 999
1000 1000
863 439 831 12
121 998 999 378
1000 1000
996 568 70 112
897 958 215 76
1000 1000
971 760 681 155
69 850 71 81
1000 1000
821 24 161 146
968 379 650 590
1000 1000
604 519 982 197
57 98 959 494
1000 1000
911 121 694 800
62 401 485 857
1000 1000
4 838 983 138
509 775 209 438
1000 1000
272 385 718 205
10 245 168 893
1000 1000
476 27 442 1
219 408 410 788
1000 1000
203 732 239 346
445 833 296 83
1000 1000
555 432 394 242
952 900 365 802
1000 1000
968 511 582 120
485 479 311 909
1000 1000
242 562 360 513
717 471 135 219
1000 1000
357 532 61 91
709 149 110 568
1000 1000
645 973 381 421
252 150 455 127
1000 1000
289 447 980 356
299 990 642 150
1000 1000
329 248 977 767
532 72 604 816
1000 1000
890 45 47 540
101 598 450 516
1000 1000
999 995 942 788
179 420 867 460
1000 1000
880 161 339 763
238 585 306 149
1000 1000
159 992 439 241
302 113 633 392
1000 1000
63 950 901 662
2 448 20 110
1000 1000
773 70 116 668
944 609 747 915
1000 1000
686 853 250 834
834 958 52 960
1000 1000
781 625 604 854
54 30 755 12
1000 1000
779 513 265 557
980 92 471 379
1000 1000
436 424 703 692
188 506 312 207
1000 1000
246 189 165 844
694 172 515 342
1000 1000
886 799 762 405
800 52 697 660
1000 1000
320 935 411 463
984 6 732 428
1000 1000
902 550 534 548
317 400 339 483
1000 1000
893 364 867 532
778 248 531 592
1000 1000
629 69 591 243
825 290 601 712
1000 1000
939 629 595 257
450 104 955 137
1000 1000
181 430 379 685
766 41 782 153
1000 1000
100 196 352 624
19 56 215 845
1000 1000
436 149 515 625
335 177 971 220
1000 1000
107 252 0 615
932 901 295 891
1000 1000
130 945 277 952
941 574 551 747
1000 1000
30 291 905 976
569 736 870 876
1000 1000
404 38 99 725
653 474 593 25
1000 1000
995 843 681 310
506 828 344 94
1000 1000
435 242 995 899
110 700 652 369
1000 1000
333 346 576 140
931 457 455 797
1000 1000
140 612 222 442
654 711 307 727
1000 1000
559 343 249 827
357 388 352 650
1000 1000
497 51 902 769
382 135 237 794
1000 1000
935 580 308 897
883 223 854 870
1000 1000
575 931 249 512
548 114 753 292
1000 1000
459 587 933 729
362 366 340 679
1000 1000
898 382 15 398
993 77 515 162
1000 1000
810 554 784 709
317 446 588 574
1000 1000
915 760 945 929
309 893 851 553
1000 1000
309 479 366 32
257 114 3 202
1000 1000
154 735 360 918
141 315 592 822
1000 1000
871 924 682 551
729 812 594 131
1000 1000
5 810 418 439
519 126 696 926
1000 1000
633 258 248 940
81 233 118 827
1000 1000
800 87 186 491
967 691 143 426
1000 1000
184 945 407 378
172 456 136 639
1000 1000
380 872 893 422
203 4 690 231
1000 1000
683 197 277 904
543 389 419 251
1000 1000
701 50 966 505
686 941 458 32
1000 1000
655 966 146 168
676 780 227 197
1000 1000
816 653 31 871
737 252 728 488
1000 1000
785 966 69 239
878 198 544 944
1000 1000
434 353 421 47
117 403 365 270
1000 1000
834 580 40 597
455 24 566 75
1000 1000
775 553 629 106
197 453 394 871
1000 1000
197 563 354 379
810 250 957 136
1000 1000
894 164 323 877
144 809 745 300
1000 1000
383 990 613 859
192 521 341 664
1000 1000
393 853 868 791
969 810 596 290
1000 1000
620 111 566 16
215 713 651 739
1000 1000
775 378 679 458
548 788 924 851
1000 1000
733 819 783 78
531 873 471 622
1000 1000
119 66 279 875
619 91 198 650
1000 1000
686 257 517 946
975 67 397 536
1000 1000
694 483 558 279
493 50 78 253
1000 1000
599 678 149 737
953 976 54 969
1000 1000
234 853 581 730
150 130 53 255
1000 1000
842 730 397 373
968 238 258 912
1000 1000
52 708 114 407
476 113 451 333
1000 1000
595 318 157 341
289 883 551 74
1000 1000
961 406 281 385
79 754 492 988
1000 1000
5 166 574 39
991 718 163 656
1000 1000
251 652 138 585
5 693 358 388
1000 1000
963 7 191 46
767 503 231 12
1000 1000
83 785 992 163
963 66 307 906
1000 1000
367 622 443 608
230 137 303 724
1000 1000
817 405 237 856
662 839 829 557
1000 1000
871 826 448 311
515 212 742 780
1000 1000
957 65 541 954
329 150 266 835
1000 1000
599 185 280 193
866 388 726 646
1000 1000
608 262 831 822
96 65 783 780
1000 1000
666 581 485 942
648 545 405 547
1000 1000
170 37 873 818
119 989 376 212
1000 1000
263 835 990 909
894 262 253 618
1000 1000
985 528 903 532
230 510 449 724
1000 1000
584 567 985 909
5 149 696 96
1000 1000
899 674 679 218
948 97 620 242
1000 1000
479 175 401 662
44 409 404 775
1000 1000
570 627 695 468
912 217 802 745
1000 1000
819 805 507 470
918 359 76 552
1000 1000
971 908 353 607
975 774 731 72
1000 1000
11 724 856 322
780 735 344 596
1000 1000
141 550 659 923
79 4 0 270
1000 1000
23 637 491 666
693 298 728 283
1000 1000
888 780 135 290
324 872 426 66
1000 1000
579 195 688 114
122 297 491 378
1000 1000
692 32 19 779
746 998 973 214
1000 1000
79 796 255 593
161 73 230 117
1000 1000
435 159 546 250
327 565 722 381
1000 1000
181 461 802 833
545 359 505 194
1000 1000
579 832 625 381
154 697 158 633
1000 1000
136 207 781 133
399 908 13 217
1000 1000
68 752 881 875
224 711 29 176
1000 1000
203 472 632 619
333 276 172 95
1000 1000
56 906 668 558
144 489 725 390
1000 1000
305 792 165 884
284 927 938 989
1000 1000
43 778 488 183
636 242 59 464
1000 1000
25 345 221 429
464 744 603 887
1000 1000
178 30 198 15
940 368 358 159
1000 1000
179 64 109 399
881 680 63 738
1000 1000
822 758 669 410
154 774 797 141
1000 1000
369 107 924 827
94 904 408 538
1000 1000
341 800 235 721
542 796 516 192
1000 1000
598 179 182 448
243 782 224 515
1000 1000
983 528 320 688
696 371 671 16
1000 1000
628 863 520 857
814 332 926 679
1000 1000
551 327 414 289
490 534 746 837
1000 1000
781 496 643 573
603 180 545 123
1000 1000
68 699 323 469
195 834 678 824
1000 1000
275 734 170 95
270 78 631 865
1000 1000
494 299 875 511
435 175 391 397
1000 1000
163 534 835 540
352 397 309 510
1000 1000
689 161 475 443
177 56 304 77
1000 1000
844 908 805 299
460 240 639 865
1000 1000
388 546 665 818
73 833 764 347
1000 1000
534 431 195 151
282 162 832 508
1000 1000
333 713 179 201
530 302 870 911
1000 1000
725 475 85 36
946 138 359 845
1000 1000
496 691 194 100
117 545 502 63
1000 1000
233 449 710 600
959 444 193 123
1000 1000
496 920 477 656
480 620 843 513
1000 1000
922 324 591 973
605 794 54 956
1000 1000
46 328 413 857
9 915 823 628
1000 1000
317 959 631 160
682 854 18 874
1000 1000
424 247 766 803
525 551 3 426
1000 1000
355 11 459 50
640 302 262 618
1000 1000
418 863 821 78
129 511 662 589
1000 1000
191 173 413 262
980 826 907 610
1000 1000
991 233 760 829
68 10 65 756
1000 1000
72 941 111 876
68 503 416 817
1000 1000
971 568 391 396
951 941 946 42
1000 1000
520 777 606 859
512 698 977 952
1000 1000
99 200 828 222
451 657 413 656
1000 1000
877 926 820 502
196 114 108 585
1000 1000
328 404 51 304
925 506 364 945
1000 1000
635 838 591 149
992 944 661 641
1000 1000
331 682 882 224
218 14 574 275
1000 1000
918 980 996 904
189 611 158 156
1000 1000
962 975 435 37
132 114 788 615
1000 1000
221 860 99 816
368 269 280 938
1000 1000
814 4 891 56
481 435 895 387
1000 1000
153 603 492 319
767 58 803 244
1000 1000
678 148 716 299
777 218 711 717
1000 1000
495 250 706 450
881 832 933 14
1000 1000
946 556 460 971
665 35 151 769
1000 1000
184 238 332 130
975 835 270 958
1000 1000
99 549 424 691
76 850 249 177
1000 1000
262 962 817 7
926 133 123 795
1000 1000
849 470 115 972
751 731 10 633
1000 1000
115 126 435 500
543 248 596 69
1000 1000
908 857 752 709
75 158 764 210
1000 1000
280 151 981 954
90 583 899 567
1000 1000
864 156 967 884
159 945 487 64
1000 1000
410 117 948 393
174 403 232 534
1000 1000
979 451 393 235
853 436 499 940
1000 1000
849 129 898 699
883 504 382 680
1000 1000
632 807 121 614
97 935 517 533
1000 1000
783 554 219 890
160 836 317 962
1000 1000
999 168 296 347
45 448 148 547
1000 1000
350 849 70 6
846 582 480 668
1000 1000
643 807 493 646
197 787 376 408
1000 1000
207 787 743 425
564 331 871 84
1000 1000
56 986 259 130
226 278 546 763
1000 1000
209 282 48 345
323 6 523 980
1000 1000
123 733 778 232
932 676 708 936
1000 1000
827 236 518 659
972 126 154 293
1000 1000
284 340 512 166
153 499 726 524
1000 1000
839 532 555 753
432 540 917 315
1000 1000
825 981 400 952
398 61 409 634
1000 1000
181 264 691 435
852 746 875 540
1000 1000
225 482 633 380
357 782 470 658
1000 1000
609 612 871 558
416 855 6 7
1000 1000
515 895 851 614
108 914 452 777
1000 1000
135 591 616 346
79 45 899 490
1000 1000
819 404 524 909
322 88 541 133
1000 1000
883 282 377 537
757 591 27 640
1000 1000
547 222 689 772
155 733 428 446
1000 1000
293 381 334 652
723 538 48 269
1000 1000
262 574 249 294
12 937 812 752
1000 1000
913 455 816 501
35 129 696 993
1000 1000
872 440 412 473
932 745 497 187
1000 1000
313 527 735 802
946 534 216 920
1000 1000
203 248 180 563
904 794 585 429
1000 1000
80 931 745 510
241 852 278 951
1000 1000
861 115 18 881
520 421 291 507
1000 1000
548 747 827 950
875 739 354 474
1000 1000
329 966 7 690
34 117 104 216
1000 1000
563 300 114 876
269 175 689 23
1000 1000
361 888 266 801
508 490 636 861
1000 1000
240 246 574 704
224 535 710 712
1000 1000
104 588 190 663
526 181 56 12
1000 1000
980 950 241 372
66 587 931 393
1000 1000
627 189 58 278
580 334 171 584
1000 1000
118 770 791 483
70 464 669 613
1000 1000
330 702 218 828
156 546 152 716
1000 1000
459 224 257 167
650 371 628 180
1000 1000
336 585 192 752
71 670 521 973
1000 1000
601 920 403 431
870 917 789 178
1000 1000
43 630 741 414
378 118 851 805
1000 1000
631 575 868 984
849 550 825 515
1000 1000
763 208 771 314
988 411 950 163
1000 1000
613 735 242 642
652 625 561 80
1000 1000
119 251 709 966
161 915 44 982
1000 1000
299 647 354 834
245 346 593 483
1000 1000
681 742 913 601
44 732 541 900
1000 1000
64 990 363 169
733 836 327 598
1000 1000
333 183 118 169
616 360 310 645
1000 1000
92 97 405 648
818 71 603 662
1000 1000
784 891 844 120
275 197 116 709
1000 1000
313 525 115 669
532 985 145 218
1000 1000
48 946 471 542
504 180 361 98
1000 1000
556 812 372 496
399 42 824 652
1000 1000
178 493 23 131
436 905 235 228
1000 1000
984 624 809 26
429 880 604 102
1000 1000
479 892 541 603
116 949 306 843
1000 1000
716 793 283 952
38 876 403 175
1000 1000
122 271 693 821
190 993 841 409
1000 1000
229 861 375 444
734 7 909 42
1000 1000
609 285 137 159
54 998 308 4
1000 1000
305 435 984 668
777 474 426 332
1000 1000
275 352 1 686
393 926 639 267
1000 1000
214 443 858 615
513 109 261 611
1000 1000
616 891 743 154
620 678 473 995
1000 1000
871 396 284 879
58 204 674 705
1000 1000
267 732 332 180
61 420 862 475
1000 1000
312 694 757 469
385 725 180 617
1000 1000
337 602 382 0
125 771 94 319
1000 1000
863 382 601 223
495 366 81 216
1000 1000
189 219 306 13
707 676 679 1
1000 1000
381 547 393 162
398 97 717 603
1000 1000
445 430 14 357
79 842 361 862
1000 1000
436 98 971 953
96 332 588 461
1000 1000
578 549 913 822
127 603 246 9
1000 1000
759 14 514 679
406 307 227 641
1000 1000
300 979 287 430
847 409 942 992
1000 1000
606 311 193 304
575 822 638 283
1000 1000
878 496 857 531
212 210 59 583
1000 1000
393 345 391 102
448 346 458 90
1000 1000
421 891 207 43
183 886 140 627
1000 1000
258 451 52 887
429 671 143 116
1000 1000
943 880 841 866
993 27 249 496
1000 1000
925 104 115 6
298 641 704 387
1000 1000
536 518 650 37
213 247 415 903
1000 1000
30 380 483 665
228 27 961 866
1000 1000
437 95 83 133
657 185 364 43
1000 1000
131 40 442 936
520 396 763 291
1000 1000
572 586 948 301
413 276 91 302
1000 1000
714 302 895 962
389 349 950 186
1000 1000
953 222 538 652
157 204 454 846
1000 1000
867 917 41 115
25 119 171 877
1000 1000
475 139 694 854
654 829 23 466
1000 1000
403 524 440 267
87 560 424 266
1000 1000
891 882 809 844
756 207 282 789
1000 1000
150 683 250 30
708 202 893 154
1000 1000
528 651 365 90
245 298 401 452
1000 1000
566 475 218 60
686 385 924 82
1000 1000
87 444 855 13
150 400 911 739
1000 1000
436 1 534 325
835 165 124 986
1000 1000
411 894 128 969
560 177 155 333
1000 1000
586 713 835 198
963 242 546 114
1000 1000
564 785 76 480
783 257 864 120
1000 1000
995 646 413 636
523 753 832 546
1000 1000
466 75 394 654
936 807 119 579
1000 1000
477 455 35 432
809 221 850 790
1000 1000
917 211 998 919
253 950 834 418
1000 1000
260 59 184 573
94 834 547 410
1000 1000
877 929 35 730
57 314 426 437
1000 1000
968 635 890 528
316 489 796 413
1000 1000
754 115 192 821
930 936 840 386
1000 1000
748 500 751 324
124 22 623 193
1000 1000
884 320 32 995
205 191 379 389
1000 1000
208 103 714 983
817 409 171 755
1000 1000
888 350 996 260
966 664 930 56
1000 1000
602 143 172 831
185 565 473 803
1000 1000
365 812 177 728
610 815 256 801
1000 1000
922 939 806 250
674 814 590 563
1000 1000
974 298 510 686
818 979 151 213
1000 1000
874 984 680 915
103 535 516 579
1000 1000
888 705 236 216
124 698 809 615
1000 1000
125 523 892 74
40 915 181 146
1000 1000
594 803 374 391
903 571 818 518
1000 1000
559 442 319 461
792 136 251 666
1000 1000
898 761 987 359
68 270 321 25
1000 1000
7 244 793 877
485 716 348 677
1000 1000
404 759 980 550
174 475 385 943
1000 1000
379 840 81 429
25 69 185 735
1000 1000
165 647 384 405
464 453 653 988
1000 1000
63 65 935 556
116 583 321 508
1000 1000
553 445 557 372
46 338 687 343
1000 1000
687 128 770 305
333 452 470 334
1000 1000
931 20 687 593
776 295 573 162
1000 1000
614 47 598 296
613 819 122 501
1000 1000
193 505 295 222
400 116 429 556
1000 1000
790 924 150 551
806 787 889 988
1000 1000
272 720 640 487
258 246 255 541
1000 1000
57 767 826 802
439 559 436 948
1000 1000
25 997 933 287
909 655 481 866
1000 1000
728 573 763 172
685 908 18 140
1000 1000
785 700 945 333
325 649 478 48
1000 1000
847 545 61 253
567 403 253 624
1000 1000
823 28 827 334
657 29 148 594
1000 1000
553 873 268 488
862 154 271 794
1000 1000
968 211 237 53
929 598 692 827
1000 1000
364 775 178 37
603 667 285 364
1000 1000
579 249 638 840
138 672 161 80
1000 1000
655 600 781 557
797 937 377 727
1000 1000
180 221 688 582
69 581 7 486
1000 1000
346 325 900 596
899 252 842 789
1000 1000
817 845 219 229
776 552 649 417
1000 1000
392 158 185 805
823 770 400 214
1000 1000
156 206 846 36
75 356 784 88
1000 1000
777 717 735 540
274 454 602 381
1000 1000
788 187 127 386
943 79 5 76
1000 1000
176 919 959 500
63 792 703 292
1000 1000
692 913 875 17
516 443 998 116
1000 1000
613 593 368 782
53 195 871 726
1000 1000
447 276 574 839
928 692 147 628
1000 1000
68 648 814 131
451 242 610 92
1000 1000
180 892 424 65
863 579 253 712
1000 1000
396 582 995 84
274 273 276 625
1000 1000
36 266 804 553
363 53 235 629
1000 1000
338 313 116 841
400 813 780 221
1000 1000
465 397 13 170
283 556 778 913
1000 1000
108 621 740 788
490 863 698 966
1000 1000
852 543 343 998
716 848 219 340
1000 1000
236 323 495 572
671 954 667 203
1000 1000
497 885 774 915
226 485 192 180
1000 1000
33 146 722 782
73 418 338 729
1000 1000
653 451 893 770
447 577 461 828
1000 1000
413 401 606 278
627 388 710 603
1000 1000
555 197 643 261
763 290 668 997
1000 1000
779 413 310 275
567 796 386 439
1000 1000
325 234 681 919
973 106 361 290
1000 1000
901 94 228 262
262 823 749 492
1000 1000
851 38 495 697
289 972 90 568
1000 1000
868 648 963 765
156 772 371 411
1000 1000
504 243 458 592
710 378 14 943
1000 1000
904 570 231 373
739 629 665 882
1000 1000
868 848 514 280
389 430 259 513
1000 1000
557 739 701 232
465 35 265 898
1000 1000
285 20 602 435
864 296 658 215
1000 1000
184 474 88 159
628 301 314 843
1000 1000
350 453 225 663
929 318 360 149
1000 1000
405 648 230 688
625 88 783 726
1000 1000
464 160 823 230
185 843 658 648
1000 1000
79 822 873 281
91 873 153 146
1000 1000
834 147 26 138
766 508 57 87
1000 1000
293 184 689 28
849 223 978 474
1000 1000
682 348 804 314
649 298 657 62
1000 1000
984 857 508 827
431 850 44 350
1000 1000
600 379 733 764
943 463 94 239
1000 1000
503 336 632 716
845 496 277 273
1000 1000
932 299 435 975
782 133 929 466
1000 1000
216 425 547 436
86 420 769 73
1000 1000
681 473 810 154
290 306 261 728
1000 1000
486 397 360 802
225 25 452 257
1000 1000
68 405 20 982
407 498 503 698
1000 1000
234 522 86 224
88 536 402 771
1000 1000
918 504 316 593
103 803 834 534
1000 1000
216 772 299 58
569 422 711 107
1000 1000
988 273 883 423
125 238 859 657
1000 1000
802 513 270 115
376 207 732 316
1000 1000
133 130 747 666
522 710 813 195
1000 1000
33 376 716 767
496 907 863 749
1000 1000
727 228 812 454
999 0 124 288
1000 1000
454 292 791 196
212 106 96 303
1000 1000
205 437 340 252
704 889 706 242
1000 1000
437 538 839 647
968 473 742 959
1000 1000
915 521 65 653
222 922 198 516
1000 1000
902 49 189 30
498 112 898 338
1000 1000
754 359 980 363
828 526 834 658
1000 1000
294 800 3 46
573 898 536 652
1000 1000
676 455 878 989
821 540 667 4
1000 1000
876 751 610 564
675 633 674 192
1000 1000
506 221 207 56
232 422 753 298
1000 1000
536 570 252 74
357 195 293 210
1000 1000
97 542 201 404
501 114 827 256
1000 1000
767 485 488 514
989 483 641 238
1000 1000
462 287 131 52
28 162 345 448
1000 1000
866 850 708 463
948 722 994 916
1000 1000
144 44 148 531
516 472 519 745
1000 1000
117 131 677 352
642 169 952 634
1000 1000
694 10 405 796
742 608 699 239
1000 1000
72 731 243 387
537 791 39 454
1000 1000
600 214 818 588
490 282 289 962
1000 1000
273 139 222 465
275 881 925 892
1000 1000
241 874 125 228
275 721 417 118
1000 1000
887 505 402 88
870 700 758 304
1000 1000
917 106 656 884
646 643 389 224
1000 1000
79 555 694 789
912 774 798 640
1000 1000
447 470 850 306
265 941 803 177
1000 1000
552 848 254 429
141 120 465 600
1000 1000
850 506 89 56
567 337 797 569
1000 1000
679 753 940 221
966 523 342 519
1000 1000
340 15 100 698
158 826 344 56
1000 1000
98 305 514 540
77 52 359 462
1000 1000
969 689 729 656
994 255 883 500
1000 1000
408 274 763 255
649 328 752 471
1000 1000
419 976 519 432
269 174 551 111
1000 1000
279 31 975 195
400 218 247 381
1000 1000
462 384 673 414
608 459 394 771
1000 1000
145 347 939 743
725 581 186 551
1000 1000
671 306 602 384
997 391 214 439
1000 1000
404 966 771 79
423 698 906 534
1000 1000
86 985 246 579
229 121 506 972
1000 1000
674 635 171 799
72 452 444 845
1000 1000
782 720 72 603
171 557 972 796
1000 1000
754 347 785 778
573 757 319 834
1000 1000
898 635 706 698
721 360 359 345
1000 1000
414 119 685 47
839 187 935 294
1000 1000
26 599 456 817
864 897 753 104
1000 1000
984 59 874 128
728 661 120 653
1000 1000
767 422 331 301
47 223 424 719
1000 1000
486 509 193 950
707 911 989 227
1000 1000
268 851 811 541
751 984 537 310
1000 1000
417 226 327 954
955 914 980 414
1000 1000
576 508 942 20
731 75 373 339
1000 1000
359 717 606 375
147 939 285 664
1000 1000
871 391 762 537
984 116 144 459
