150
1 50
0 18 0 22
0 47 0 6
1 50
0 27 0 30
0 24 0 38
1 50
0 20 0 48
0 33 0 12
1 50
0 48 0 33
0 29 0 35
1 50
0 43 0 37
0 27 0 40
1 50
0 25 0 16
0 42 0 16
1 50
0 45 0 20
0 21 0 29
1 50
0 3 0 12
0 22 0 41
1 50
0 8 0 24
0 2 0 33
1 50
0 42 0 3
0 29 0 17
1 50
0 35 0 48
0 22 0 11
1 50
0 43 0 28
0 33 0 36
1 50
0 9 0 14
0 38 0 12
1 50
0 26 0 0
0 10 0 47
1 50
0 45 0 30
0 33 0 44
1 50
0 40 0 3
0 46 0 19
1 50
0 29 0 23
0 42 0 6
1 50
0 47 0 38
0 37 0 28
1 50
0 29 0 5
0 22 0 4
1 50
0 16 0 15
0 7 0 8
1 50
0 3 0 19
0 14 0 39
1 50
0 45 0 39
0 5 0 9
1 50
0 25 0 13
0 2 0 28
1 50
0 12 0 28
0 25 0 9
1 50
0 26 0 25
0 46 0 20
1 50
0 32 0 9
0 25 0 23
1 50
0 16 0 33
0 38 0 26
1 50
0 18 0 6
0 0 0 20
1 50
0 47 0 9
0 41 0 19
1 50
0 32 0 30
0 15 0 38
1 50
0 7 0 46
0 23 0 36
1 50
0 28 0 36
0 33 0 36
1 50
0 49 0 13
0 41 0 36
1 50
0 27 0 22
0 41 0 13
1 50
0 10 0 39
0 45 0 33
1 50
0 44 0 21
0 39 0 34
1 50
0 30 0 3
0 46 0 44
1 50
0 12 0 46
0 20 0 15
1 50
0 21 0 26
0 9 0 38
1 50
0 27 0 1
0 1 0 2
1 50
0 3 0 14
0 42 0 41
1 50
0 26 0 15
0 11 0 37
1 50
0 21 0 46
0 41 0 43
1 50
0 22 0 43
0 40 0 19
1 50
0 22 0 2
0 25 0 10
1 50
0 15 0 13
0 46 0 32
1 50
0 31 0 40
0 14 0 6
1 50
0 49 0 35
0 12 0 16
1 50
0 14 0 24
0 42 0 14
1 50
0 25 0 10
0 4 0 11
1 50
0 21 0 14
0 48 0 47
1 50
0 33 0 0
0 42 0 13
1 50
0 16 0 2
0 10 0 2
1 50
0 38 0 23
0 23 0 6
1 50
0 0 0 45
0 33 0 3
1 50
0 38 0 22
0 23 0 47
1 50
0 8 0 49
0 49 0 32
1 50
0 4 0 12
0 5 0 28
1 50
0 47 0 42
0 24 0 8
1 50
0 37 0 20
0 28 0 13
1 50
0 29 0 6
0 35 0 38
1 50
0 48 0 18
0 46 0 16
1 50
0 39 0 28
0 16 0 44
1 50
0 26 0 4
0 48 0 38
1 50
0 38 0 8
0 41 0 35
1 50
0 5 0 6
0 40 0 35
1 50
0 31 0 36
0 19 0 21
1 50
0 33 0 31
0 13 0 1
1 50
0 5 0 4
0 30 0 34
1 50
0 36 0 24
0 5 0 12
1 50
0 1 0 40
0 6 0 10
1 50
0 8 0 1
0 27 0 15
1 50
0 26 0 13
0 48 0 20
1 50
0 27 0 21
0 16 0 20
1 50
0 13 0 12
0 23 0 44
1 50
0 2 0 41
0 10 0 7
1 50
0 14 0 12
0 20 0 45
1 50
0 5 0 29
0 20 0 37
1 50
0 47 0 31
0 27 0 12
1 50
0 16 0 9
0 44 0 5
1 50
0 0 0 9
0 18 0 5
1 50
0 19 0 47
0 11 0 14
1 50
0 32 0 16
0 8 0 40
1 50
0 21 0 1
0 26 0 6
1 50
0 9 0 21
0 30 0 48
1 50
0 10 0 25
0 37 0 14
1 50
0 29 0 44
0 5 0 32
1 50
0 49 0 33
0 22 0 47
1 50
0 38 0 45
0 49 0 47
1 50
0 11 0 24
0 6 0 19
1 50
0 46 0 41
0 28 0 15
1 50
0 31 0 48
0 20 0 49
1 50
0 28 0 13
0 32 0 34
1 50
0 46 0 0
0 37 0 36
1 50
0 7 0 21
0 21 0 12
1 50
0 17 0 26
0 3 0 10
1 50
0 9 0 19
0 25 0 9
1 50
0 20 0 12
0 24 0 36
1 50
0 18 0 13
0 47 0 7
1 50
0 10 0 34
0 23 0 44
1 50
0 33 0 48
0 39 0 26
1 50
0 48 0 17
0 49 0 29
1 50
0 41 0 29
0 42 0 11
1 50
0 14 0 9
0 39 0 26
1 50
0 34 0 3
0 7 0 3
1 50
0 7 0 17
0 25 0 9
1 50
0 49 0 14
0 44 0 26
1 50
0 37 0 29
0 0 0 7
1 50
0 40 0 26
0 36 0 44
1 50
0 9 0 49
0 24 0 30
1 50
0 24 0 8
0 47 0 3
1 50
0 4 0 34
0 39 0 34
1 50
0 15 0 40
0 14 0 0
1 50
0 41 0 32
0 25 0 3
1 50
0 37 0 2
0 27 0 10
1 50
0 15 0 2
0 7 0 28
1 50
0 19 0 37
0 39 0 10
1 50
0 25 0 44
0 32 0 25
1 50
0 7 0 39
0 45 0 47
1 50
0 38 0 44
0 18 0 42
1 50
0 43 0 29
0 13 0 46
1 50
0 1 0 6
0 21 0 2
1 50
0 19 0 35
0 28 0 43
1 50
0 10 0 18
0 24 0 5
1 50
0 0 0 29
0 4 0 19
1 50
0 24 0 7
0 27 0 40
1 50
0 18 0 8
0 14 0 43
1 50
0 35 0 7
0 13 0 47
1 50
0 32 0 12
0 40 0 24
1 50
0 48 0 3
0 32 0 3
1 50
0 46 0 27
0 20 0 22
1 50
0 20 0 27
0 47 0 38
1 50
0 35 0 17
0 44 0 34
1 50
0 41 0 8
0 44 0 48
1 50
0 3 0 10
0 0 0 40
1 50
0 23 0 47
0 42 0 44
1 50
0 38 0 45
0 0 0 30
1 50
0 40 0 44
0 10 0 42
1 50
0 36 0 17
0 42 0 31
1 50
0 13 0 15
0 2 0 49
1 50
0 36 0 19
0 22 0 27
1 50
0 17 0 44
0 24 0 40
1 50
0 16 0 8
0 33 0 7
1 50
0 10 0 25
0 12 0 13
1 50
0 25 0 37
0 49 0 3
1 50
0 41 0 48
0 2 0 43
1 50
0 8 0 10
0 23 0 20
1 50
0 28 0 24
0 49 0 2
1 50
0 26 0 32
0 9 0 49
1 50
0 32 0 30
0 24 0 18
