150
50 50
36 36 36 31
4 36 35 36
50 50
24 3 24 33
15 22 2 22
50 50
28 46 28 23
1 30 10 30
50 50
1 45 1 26
8 3 18 3
50 50
9 0 9 46
32 27 14 27
50 50
14 20 14 19
8 6 37 6
50 50
0 11 0 7
35 45 42 45
50 50
22 14 22 38
19 35 38 35
50 50
11 21 11 9
42 38 31 38
50 50
10 13 10 31
41 33 1 33
50 50
8 32 8 7
13 16 4 16
50 50
26 35 26 38
39 29 19 29
50 50
11 32 11 7
19 27 31 27
50 50
18 31 18 44
19 43 4 43
50 50
28 30 28 9
24 1 38 1
50 50
44 11 44 26
13 5 47 5
50 50
42 48 42 28
44 1 31 1
50 50
23 34 23 8
12 49 7 49
50 50
21 48 21 27
45 16 27 16
50 50
8 37 8 45
35 35 32 35
50 50
6 26 6 35
42 14 20 14
50 50
44 47 44 1
26 14 22 14
50 50
23 39 23 42
32 17 14 17
50 50
33 4 33 2
36 38 3 38
50 50
29 39 29 3
37 24 44 24
50 50
8 7 8 42
38 7 20 7
50 50
6 49 6 32
30 46 47 46
50 50
47 42 47 11
4 0 47 0
50 50
8 46 8 9
16 8 28 8
50 50
5 25 5 0
30 23 10 23
50 50
31 10 31 35
10 36 47 36
50 50
33 6 33 20
16 40 35 40
50 50
22 38 22 17
36 36 39 36
50 50
7 27 7 35
38 21 2 21
50 50
30 3 30 16
11 36 31 36
50 50
6 20 6 14
49 6 41 6
50 50
49 49 49 8
5 29 7 29
50 50
36 48 36 2
44 5 42 5
50 50
36 29 36 38
5 46 25 46
50 50
6 44 6 1
38 39 37 39
50 50
41 47 41 32
38 19 47 19
50 50
11 46 11 5
5 5 26 5
50 50
34 2 34 43
20 38 21 38
50 50
7 1 7 12
8 30 26 30
50 50
47 43 47 20
4 41 14 41
50 50
1 33 1 4
27 2 14 2
50 50
8 37 8 23
14 33 12 33
50 50
13 43 13 45
17 42 15 42
50 50
46 5 46 39
19 45 32 45
50 50
42 20 42 1
9 47 35 47
50 50
11 26 11 36
20 2 0 2
50 50
23 49 23 4
34 5 37 5
50 50
44 1 44 25
37 19 15 19
50 50
43 10 43 37
45 30 17 30
50 50
32 42 32 10
47 14 36 14
50 50
18 12 18 43
13 23 20 23
50 50
12 3 12 34
30 30 45 30
50 50
26 5 26 7
14 25 26 25
50 50
9 40 9 21
46 43 6 43
50 50
27 16 27 29
30 22 29 22
50 50
48 23 48 45
36 31 29 31
50 50
44 35 44 6
36 23 29 23
50 50
45 28 45 21
20 13 48 13
50 50
1 26 1 2
49 28 18 28
50 50
8 14 8 27
8 46 15 46
50 50
24 23 24 7
7 47 3 47
50 50
25 2 25 37
20 40 27 40
50 50
44 14 44 12
22 16 23 16
50 50
0 8 0 38
46 34 4 34
50 50
15 36 15 43
45 46 36 46
50 50
12 34 12 14
8 19 4 19
50 50
23 34 23 19
14 24 26 24
50 50
31 10 31 9
6 33 49 33
50 50
26 47 26 43
39 43 33 43
50 50
7 25 7 19
30 15 12 15
50 50
13 9 13 10
11 13 43 13
50 50
16 28 16 16
9 34 3 34
50 50
38 46 38 21
16 24 46 24
50 50
7 42 7 29
45 49 44 49
50 50
0 16 0 23
20 36 0 36
50 50
21 42 21 28
42 20 9 20
50 50
47 20 47 32
47 39 27 39
50 50
22 32 22 6
4 21 0 21
50 50
14 26 14 2
47 26 26 26
50 50
2 15 2 29
32 41 35 41
50 50
0 29 0 21
30 22 1 22
50 50
3 21 3 19
31 39 24 39
50 50
12 37 12 8
43 43 6 43
50 50
46 20 46 30
47 40 10 40
50 50
41 49 41 25
47 37 29 37
50 50
8 23 8 0
1 6 31 6
50 50
3 31 3 22
28 37 36 37
50 50
17 27 17 28
9 5 11 5
50 50
37 14 37 6
41 16 21 16
50 50
35 1 35 32
37 6 23 6
50 50
12 38 12 2
9 17 43 17
50 50
17 9 17 8
47 2 16 2
50 50
26 40 26 12
10 16 25 16
50 50
11 34 11 23
32 18 40 18
50 50
38 16 38 3
45 24 44 24
50 50
33 28 33 14
26 24 15 24
50 50
44 43 44 19
23 22 18 22
50 50
6 1 6 41
48 33 34 33
50 50
30 44 30 47
46 32 17 32
50 50
38 20 38 2
36 27 18 27
50 50
37 39 37 13
46 46 42 46
50 50
14 43 14 30
0 41 34 41
50 50
16 2 16 44
26 28 42 28
50 50
1 46 1 29
47 35 40 35
50 50
34 20 34 14
32 13 23 13
50 50
40 2 40 47
7 44 34 44
50 50
1 29 1 45
15 19 29 19
50 50
8 6 8 4
40 42 30 42
50 50
6 29 6 45
28 48 42 48
50 50
47 30 47 8
20 16 34 16
50 50
21 33 21 19
33 32 28 32
50 50
2 27 2 49
24 42 35 42
50 50
6 22 6 44
0 41 5 41
50 50
7 3 7 21
19 26 7 26
50 50
48 33 48 10
48 8 22 8
50 50
18 6 18 33
36 20 18 20
50 50
27 6 27 4
5 36 9 36
50 50
16 18 16 12
14 48 48 48
50 50
9 21 9 41
15 48 5 48
50 50
25 39 25 40
32 15 40 15
50 50
10 37 10 44
2 32 16 32
50 50
8 40 8 12
49 49 1 49
50 50
9 8 9 45
41 5 13 5
50 50
16 27 16 33
4 24 9 24
50 50
38 12 38 30
39 9 13 9
50 50
17 10 17 14
46 48 32 48
50 50
40 25 40 46
25 1 32 1
50 50
14 9 14 22
30 29 26 29
50 50
43 31 43 36
21 38 40 38
50 50
4 5 4 44
5 43 49 43
50 50
15 45 15 47
49 6 18 6
50 50
37 17 37 29
36 16 12 16
50 50
49 12 49 11
15 19 3 19
50 50
24 32 24 38
23 42 43 42
50 50
23 25 23 45
3 37 38 37
50 50
28 38 28 29
42 34 35 34
50 50
31 42 31 0
20 0 38 0
50 50
21 18 21 27
27 33 32 33
50 50
46 32 46 43
10 16 22 16
50 50
36 44 36 27
12 3 30 3
50 50
31 11 31 16
42 17 20 17
50 50
11 25 11 17
31 28 32 28
50 50
32 20 32 39
40 13 15 13
50 50
3 11 3 10
36 36 23 36
50 50
16 46 16 1
16 32 45 32
