150
50 50
23 34 6 31
41 47 48 29
50 50
30 25 23 40
26 32 10 6
50 50
19 37 47 20
0 20 21 38
50 50
34 12 10 30
17 18 10 5
50 50
3 0 17 1
7 36 25 16
50 50
15 9 22 42
17 11 20 20
50 50
1 33 24 0
24 36 11 39
50 50
10 15 45 7
35 34 27 24
50 50
8 42 44 5
18 18 0 47
50 50
18 36 12 29
39 9 12 30
50 50
1 18 49 20
17 42 34 5
50 50
33 7 3 18
13 2 22 26
50 50
12 40 44 20
8 19 15 16
50 50
29 5 17 19
24 46 0 28
50 50
33 27 29 37
21 22 9 10
50 50
49 36 10 15
2 12 16 25
50 50
48 7 32 15
23 4 31 38
50 50
41 4 25 31
18 40 22 10
50 50
42 40 4 5
29 46 20 13
50 50
23 3 48 33
26 49 49 25
50 50
32 3 41 2
22 48 13 18
50 50
44 20 49 4
49 41 4 38
50 50
24 18 9 13
36 6 44 32
50 50
33 34 15 1
33 16 8 24
50 50
2 41 41 9
47 26 14 44
50 50
36 35 3 38
18 43 28 24
50 50
31 28 45 40
37 15 19 7
50 50
12 33 0 0
19 43 43 3
50 50
2 42 14 12
32 14 12 21
50 50
32 1 3 6
4 16 35 16
50 50
12 39 7 14
17 22 33 32
50 50
1 48 2 15
1 45 1 43
50 50
39 26 35 29
36 36 26 17
50 50
10 23 42 2
39 44 2 34
50 50
26 33 3 25
35 34 13 1
50 50
46 1 6 41
44 6 30 38
50 50
24 12 39 46
21 34 14 28
50 50
33 10 0 8
46 27 32 46
50 50
5 8 45 42
40 28 6 15
50 50
16 17 44 47
11 34 28 22
50 50
14 27 23 20
3 17 10 10
50 50
22 14 32 17
12 31 23 45
50 50
24 14 31 46
40 17 12 49
50 50
31 27 38 41
20 49 13 6
50 50
21 3 12 8
43 27 42 26
50 50
14 6 4 14
32 21 5 40
50 50
41 33 2 13
17 39 16 26
50 50
32 11 31 41
42 18 28 22
50 50
19 46 32 3
10 5 25 8
50 50
9 34 9 15
30 31 34 11
50 50
45 35 31 16
4 4 48 4
50 50
27 9 31 36
11 41 45 18
50 50
48 48 44 23
15 11 4 43
50 50
16 20 18 15
15 19 10 46
50 50
33 14 11 38
39 32 14 33
50 50
48 18 7 44
21 34 37 23
50 50
31 12 32 13
14 39 11 30
50 50
42 21 21 24
16 29 26 2
50 50
12 23 25 10
37 12 16 25
50 50
30 44 24 1
21 17 1 11
50 50
2 37 41 10
16 48 16 32
50 50
39 2 35 40
22 26 31 1
50 50
17 48 40 27
15 6 4 38
50 50
43 32 26 29
25 3 22 3
50 50
18 35 46 0
6 48 23 17
50 50
26 38 27 21
19 13 5 15
50 50
12 15 13 21
25 2 27 34
50 50
0 48 21 30
13 36 18 18
50 50
36 35 46 41
33 2 12 28
50 50
24 13 27 13
36 33 12 36
50 50
42 7 1 1
17 35 14 38
50 50
38 36 13 10
0 16 28 18
50 50
13 47 47 33
32 2 5 0
50 50
23 17 28 45
38 40 42 37
50 50
3 4 21 41
21 47 19 36
50 50
32 5 12 44
19 40 28 10
50 50
13 35 21 12
26 45 4 14
50 50
21 15 38 35
45 13 36 8
50 50
3 49 35 13
48 49 19 46
50 50
25 17 31 43
35 40 4 42
50 50
34 34 42 45
11 32 24 9
50 50
37 28 16 12
20 43 44 3
50 50
5 15 18 9
19 25 8 12
50 50
29 36 35 34
0 36 25 3
50 50
32 41 20 31
17 46 42 6
50 50
48 8 9 8
11 27 24 6
50 50
45 11 46 26
33 2 47 37
50 50
35 8 15 8
16 14 31 39
50 50
20 49 27 2
23 43 38 2
50 50
44 2 14 28
39 0 4 2
50 50
14 6 17 14
47 45 14 7
50 50
24 27 18 21
32 27 37 34
50 50
35 12 25 3
33 36 3 21
50 50
12 10 43 21
48 38 31 10
50 50
7 21 35 44
30 24 17 38
50 50
1 15 2 13
34 24 49 15
50 50
34 8 3 14
46 39 30 17
50 50
46 2 29 15
17 22 30 14
50 50
12 23 35 26
41 5 46 48
50 50
32 19 29 40
6 13 29 1
50 50
43 30 13 27
10 27 26 22
50 50
31 37 31 29
46 19 14 20
50 50
25 17 35 20
11 2 10 38
50 50
8 49 12 6
36 38 47 39
50 50
18 29 6 35
10 3 3 11
50 50
12 26 12 11
44 22 27 5
50 50
47 17 40 8
1 15 3 18
50 50
39 49 35 20
4 49 28 40
50 50
29 0 36 14
16 1 0 40
50 50
35 6 25 44
0 31 3 35
50 50
26 37 18 2
33 36 31 13
50 50
35 33 45 8
42 45 11 11
50 50
45 16 32 16
47 38 16 29
50 50
35 20 44 45
14 38 7 7
50 50
48 21 30 32
12 17 9 28
50 50
28 30 12 30
43 11 45 13
50 50
26 27 15 45
37 15 6 26
50 50
39 41 12 24
31 16 26 10
50 50
35 2 3 34
9 3 10 0
50 50
40 4 8 7
41 9 43 2
50 50
2 27 40 14
23 29 37 12
50 50
44 47 39 21
28 14 49 28
50 50
33 29 28 13
45 9 14 17
50 50
44 24 22 0
8 37 26 38
50 50
45 19 8 45
47 13 18 3
50 50
38 44 2 4
14 42 21 26
50 50
47 48 31 22
17 1 49 11
50 50
4 3 7 11
13 43 27 22
50 50
39 20 39 41
12 29 49 42
50 50
3 41 43 14
15 20 29 44
50 50
24 14 12 23
19 30 45 37
50 50
44 30 12 38
4 35 23 42
50 50
38 19 21 27
38 37 35 15
50 50
36 46 39 46
34 2 24 25
50 50
36 8 45 40
38 28 12 20
50 50
49 6 24 3
32 23 32 36
50 50
22 5 25 29
28 30 8 8
50 50
6 14 21 1
11 10 12 24
50 50
35 42 6 5
47 13 0 23
50 50
37 1 22 10
8 7 39 42
50 50
39 12 6 15
33 43 29 36
50 50
2 15 31 29
49 40 5 30
50 50
42 36 9 45
16 30 16 46
50 50
9 4 32 47
0 27 14 9
50 50
0 27 36 10
28 33 45 40
50 50
30 16 11 0
7 7 17 44
50 50
38 20 31 20
18 8 15 22
50 50
45 34 49 49
17 41 9 21
50 50
26 27 38 0
22 9 27 43
50 50
4 32 28 24
29 12 1 6
