100 500
65 18
25 71
75 43
100 79
22 57
76 86
76 94
20 29
72 27
48 37
54 15
19 83
57 64
13 93
33 78
7 49
39 57
50 99
44 83
100 25
15 11
60 71
93 73
82 35
63 83
78 36
3 10
37 82
70 52
87 89
26 67
55 8
19 80
40 29
99 18
42 75
94 71
17 54
93 35
84 33
87 13
85 3
76 81
51 52
25 13
64 7
77 85
29 38
61 75
56 77
55 45
79 88
47 86
23 60
11 53
32 91
15 42
68 5
92 81
64 58
44 53
97 27
92 30
72 79
41 91
35 66
74 5
43 46
26 91
44 10
42 6
5 3
74 34
78 23
39 69
63 96
9 96
52 54
95 18
50 31
94 99
33 59
8 41
70 21
24 28
16 50
55 12
1 26
82 14
67 2
98 10
39 40
4 68
40 41
90 53
7 62
98 24
8 60
11 100
26 67 2 67 2 67 2 67 26 91 32 91 32 91 26 91 32 91 26 1 26 91 32 91 32 91 26 67 26 67 26 1 26 1 26 1 26 1 26 67 2 67 26 67 2 67 2 67 2 67 26 91 32 91 41 8 41 91 41 91 32 91 32 91 41 40 41 40 39 40 41 8 41 8 41 8 41 8 60 71 60 23 78 36 78 33 84 33 84 33 59 33 78 23 78 36 78 33 78 23 78 23 78 36 78 33 78 36 78 36 78 36 78 23 78 33 78 33 59 33 59 33 59 33 78 36 78 36 78 33 59 33 84 33 59 33 78 33 78 33 84 33 59 33 84 33 78 36 78 33 78 33 78 36 78 33 78 23 78 23 60 23 78 33 84 33 84 33 59 33 59 33 59 33 59 33 59 33 59 33 84 33 59 33 84 33 84 33 59 33 59 33 84 33 84 33 78 23 78 23 60 23 60 23 60 23 60 23 60 23 78 23 60 71 25 13 25 100 25 100 79 72 27 97 27 72 79 72 79 100 25 13 87 13 25 71 60 23 60 23 60 71 25 71 60 23 78 36 78 33 78 36 78 36 78 36 78 23 60 23 60 8 55 45 55 45 55 12 55 45 55 12 55 45 55 45 55 12 55 8 41 40 41 91 41 40 41 91 32 91 26 67 2 67 26 67 2 67 2 67 26 67 26 91 41 91 32 91 26 91 41 91 26 91 41 8 41 8 60 8 55 45 55 8 55 12 55 8 55 12 55 45 55 12 55 45 55 12 55 12 55 12 55 8 60 23 78 23 78 36 78 33 78 33 84 33 84 33 78 23 78 36 78 23 78 23 60 8 55 8 60 8 55 8 55 45 55 8 60 23 78 23 78 36 78 33 78 33 59 33 78 23 60 8 60 23 60 71 25 71 94 71 25 100 11 100 25 100 79 88 79 100 11 15 11 100 79 72 27 97 27 72 27 72 27 97 27 97 27 72 79 100 79 88 79 88 79 88 79 72 27 97 27 72 79 88 79 88 79 88 79 100 79 88 79 88 79 72 79 100 11 15 11 15 11 100 11 53 44 10 3 5 68 5 3 85 77 85 77 85 77 56 77 85 77 56 77 85 3 85 77 56 77 56 77 56 77 56 77 56
