100 500
8 15
25 50
55 3
14 49
12 74
31 1
95 90
68 10
85 62
85 83
32 82
86 73
50 69
9 63
40 15
80 59
35 70
84 46
72 61
67 98
95 89
2 98
39 5
24 37
56 62
58 51
64 86
44 52
13 99
4 30
41 48
42 63
77 57
5 29
57 9
39 90
16 56
29 80
11 36
66 40
96 12
68 23
53 100
4 99
49 8
46 42
10 6
83 30
77 72
76 37
59 35
19 43
81 84
48 13
7 91
71 32
22 19
93 44
87 60
47 81
70 55
18 7
25 6
17 26
23 27
34 78
69 76
1 54
71 22
33 94
36 87
38 17
96 88
21 97
88 94
24 2
21 92
52 75
75 45
93 43
28 79
41 20
74 73
53 14
91 82
27 79
78 100
65 61
20 18
54 67
3 47
34 16
65 58
97 64
92 26
51 33
89 66
38 31
11 45
54 67 98 2 98 2 98 67 54 67 98 2 98 2 98 67 98 2 24 2 98 2 24 37 76 69 50 69 50 69 50 69 50 25 50 69 76 69 50 69 50 69 76 37 76 69 50 25 50 69 76 37 24 2 24 37 76 69 50 25 6 10 68 23 27 23 27 79 27 23 68 23 68 23 68 10 68 23 27 23 27 79 27 79 27 23 68 10 6 10 68 23 27 23 27 23 27 79 27 23 27 79 28 79 28 79 28 79 28 79 28 79 27 79 27 23 27 79 28 79 27 79 27 79 28 79 28 79 27 79 28 79 28 79 27 23 68 23 27 23 68 23 68 23 68 23 68 10 68 10 6 10 68 23 27 23 68 10 6 25 6 25 6 10 68 10 6 10 68 23 68 23 27 23 68 23 68 23 27 79 27 23 68 10 68 23 27 79 28 79 27 79 28 79 27 79 28 79 28 79 27 79 27 23 68 23 27 79 27 23 27 79 27 23 68 23 68 23 27 23 27 23 68 23 27 23 68 23 68 23 68 23 27 79 27 23 27 23 27 79 27 79 27 79 28 79 28 79 28 79 28 79 27 23 27 23 68 10 68 10 68 10 68 10 6 10 68 10 6 10 6 10 68 10 6 25 50 69 50 25 6 10 68 10 68 10 6 10 68 10 68 23 27 23 68 10 6 25 50 69 76 69 50 25 6 10 68 23 68 23 68 23 68 10 6 25 6 10 6 10 6 25 50 69 50 25 6 25 50 25 6 10 6 10 6 25 50 69 50 25 50 69 50 25 6 25 50 69 76 37 76 69 50 69 76 69 50 69 76 37 24 37 24 2 98 67 98 2 98 2 98 67 54 1 31 1 31 38 17 26 92 21 97 21 92 26 17 26 92 21 97 64 97 64 97 21 97 64 86 64 86 73 86 73 86 73 86 64 86 64 86 73 74 73 86 64 97 21 92 26 92 21 92 21 97 64 97 64 86 64 97 21 97 64 97 21 92 21 97 21 97 64 86 73 74 12 74 12 96 88 94 33 51 58 65 58 51 33 94 33 51 33 51 58 65 61 65 58 65 61 65 61 72 77 57 77 57 9 57 77 57 9 63 9 63 42 46 42 63 42 46 42 46 84 81 84 46 84 46 42
